0.10000 0.00000 0.00000 0.00000 0.00000 0.00000 0.00000 1.00000
0.20000 0.17491 0.06188 0.07859 -0.00678 -0.00080 -0.00606 0.99996
0.30000 0.38986 0.18427 0.16405 -0.00846 0.00077 -0.00837 0.99993
0.40000 0.97014 0.17601 0.21637 -0.01113 0.00198 -0.01080 0.99988
0.50000 1.27453 0.15436 0.21976 -0.01271 0.00287 -0.01300 0.99983
0.60001 1.61164 0.02124 0.19375 -0.01151 0.00417 -0.01336 0.99984
0.70001 1.99613 -0.16063 0.17944 -0.01222 0.00487 -0.01457 0.99981
0.80000 2.44140 -0.32218 0.16384 -0.01217 0.00490 -0.01515 0.99980
0.90000 2.76626 -0.53629 0.13941 -0.01256 0.00510 -0.01561 0.99979
1.00000 3.07026 -0.85541 0.13150 -0.01298 0.00544 -0.01516 0.99979
1.10000 3.42786 -1.04663 0.16667 -0.01348 0.00605 -0.01614 0.99976
1.19999 3.88626 -1.28089 0.19219 -0.01556 0.00612 -0.01664 0.99972
1.29999 4.20947 -1.56473 0.19546 -0.01551 0.00629 -0.01450 0.99975
1.39999 4.56282 -1.82766 0.22516 -0.01912 0.00650 -0.01549 0.99968
1.49999 5.03982 -2.09304 0.19165 -0.01915 0.00691 -0.01401 0.99969
1.60000 5.50076 -2.33408 0.17121 -0.02074 0.00665 -0.01300 0.99968
1.70000 5.95991 -2.58326 0.20370 -0.02260 0.00608 -0.01122 0.99966
1.79999 6.32296 -2.81390 0.23963 -0.02400 0.00589 -0.01060 0.99964
1.89999 6.75921 -3.06985 0.24122 -0.02366 0.00579 -0.00778 0.99967
1.99999 6.93921 -3.39053 0.22036 -0.02316 0.00584 -0.00481 0.99970
2.10000 7.20391 -3.75773 0.18848 -0.02148 0.00681 -0.00009 0.99975
2.19999 7.36160 -4.07713 0.21306 -0.02102 0.00747 0.00361 0.99974
2.29999 7.59187 -4.26236 0.19681 -0.01933 0.00723 0.00501 0.99977
2.40000 7.74219 -4.44499 0.14465 -0.02023 0.00498 0.00706 0.99976
2.50001 7.95018 -4.70994 0.16825 -0.02157 0.00464 0.00987 0.99971
2.60001 8.05744 -4.86486 0.17973 -0.02194 0.00509 0.01061 0.99969
2.70000 8.37095 -4.71005 0.26726 -0.02233 0.00665 0.00832 0.99969
2.79999 8.53378 -4.73873 0.26646 -0.01771 0.00788 0.01078 0.99975
2.89999 8.54308 -4.54640 0.21180 -0.01296 0.00837 0.01009 0.99983
3.00000 8.71952 -4.17539 0.18793 -0.01137 0.00755 0.00806 0.99987
3.10001 8.95001 -3.87015 0.21843 -0.01247 0.00691 0.00725 0.99987
3.20001 9.10329 -3.61588 0.25623 -0.01473 0.00707 0.00310 0.99986
3.30001 9.08311 -3.42771 0.24767 -0.01169 0.00769 0.00631 0.99988
3.40001 9.32375 -3.30835 0.27554 -0.01253 0.00835 0.00398 0.99988
3.50001 9.74623 -3.12248 0.32658 -0.01347 0.00853 0.00045 0.99987
3.60001 10.34833 -3.12652 0.38003 -0.01224 0.00952 0.00142 0.99988
3.70001 11.02133 -3.30566 0.28483 -0.01175 0.00855 0.00503 0.99988
3.80001 11.73491 -3.67776 0.13665 -0.01057 0.00791 0.01227 0.99984
3.90000 12.58721 -3.89981 0.05442 -0.01101 0.00830 0.01595 0.99978
4.00001 13.38244 -3.73535 0.14504 -0.01170 0.01051 0.01378 0.99978
4.10001 14.27814 -3.41421 0.17321 -0.01155 0.01134 0.01070 0.99981
4.20001 15.33235 -3.28324 0.13898 -0.01072 0.01105 0.01215 0.99981
4.30001 16.83168 -3.25109 0.09043 -0.01041 0.01093 0.01605 0.99976
4.40001 18.38627 -3.12637 0.05636 -0.00962 0.01133 0.01596 0.99976
4.50001 20.36958 -2.88709 0.06674 -0.00838 0.01128 0.01847 0.99973
4.60001 22.46742 -2.67890 0.02377 -0.00640 0.01047 0.02084 0.99971
4.70000 24.68107 -2.51532 -0.03437 -0.00438 0.00924 0.02598 0.99961
4.80000 26.91132 -2.36325 -0.06710 -0.00344 0.00865 0.02992 0.99951
4.90001 29.18567 -2.19421 -0.11028 -0.00334 0.00877 0.03409 0.99937
5.00001 31.44193 -1.99331 -0.17071 -0.00505 0.00820 0.03775 0.99924
5.10001 33.71651 -1.77302 -0.18096 -0.00880 0.00676 0.04115 0.99909
5.20001 35.97814 -1.50036 -0.20738 -0.01020 0.00701 0.04449 0.99893
5.30000 38.26950 -1.24063 -0.25498 -0.00965 0.00833 0.04882 0.99873
5.40000 40.55693 -0.96708 -0.31781 -0.00802 0.00890 0.05317 0.99851
5.50000 42.83709 -0.70763 -0.37280 -0.00669 0.00939 0.05767 0.99827
5.60001 45.12341 -0.43644 -0.42043 -0.00525 0.01062 0.06231 0.99799
5.70001 47.41217 -0.14642 -0.48130 -0.00366 0.01171 0.06611 0.99774
5.80000 49.67127 0.14524 -0.54907 -0.00250 0.01173 0.06983 0.99749
5.90001 51.92430 0.44092 -0.61059 -0.00192 0.01133 0.07248 0.99730
6.00001 54.15773 0.74815 -0.68001 -0.00089 0.01082 0.07573 0.99707
6.10001 56.37715 1.06954 -0.72837 0.00066 0.01087 0.07890 0.99682
6.20000 58.61307 1.42671 -0.78347 0.00147 0.01196 0.08149 0.99660
6.30000 60.85948 1.81431 -0.86410 0.00259 0.01269 0.08537 0.99627
6.40000 63.07054 2.19730 -0.91596 0.00323 0.01238 0.08887 0.99596
6.50000 65.27069 2.55929 -0.98086 0.00478 0.01122 0.09366 0.99553
6.60000 67.45904 2.96473 -1.04595 0.00491 0.01098 0.09717 0.99520
6.70000 69.66338 3.41380 -1.12411 0.00446 0.01160 0.10141 0.99477
6.80000 71.86155 3.87918 -1.19237 0.00438 0.01129 0.10570 0.99432
6.90000 74.03263 4.35412 -1.25422 0.00574 0.01043 0.10996 0.99386
6.99999 76.19421 4.82341 -1.28715 0.00826 0.01104 0.11536 0.99323
7.09999 78.34668 5.30759 -1.34874 0.01018 0.01058 0.12048 0.99261
7.19999 80.48102 5.80505 -1.38013 0.01106 0.00980 0.12573 0.99195
7.29999 82.59451 6.32884 -1.41497 0.01064 0.00930 0.13095 0.99129
7.39999 84.71015 6.90207 -1.45147 0.00899 0.00810 0.13611 0.99062
7.50000 86.82184 7.50978 -1.51739 0.00792 0.00782 0.14098 0.98995
7.60000 88.92995 8.14515 -1.56913 0.00949 0.01007 0.14612 0.98917
7.70000 91.03760 8.79105 -1.64887 0.01285 0.01174 0.15150 0.98830
7.80000 93.12679 9.44290 -1.69486 0.01333 0.01029 0.15656 0.98753
7.90000 95.19252 10.10967 -1.73484 0.01012 0.00731 0.16046 0.98696
8.00001 97.23427 10.82557 -1.75708 0.00441 0.00517 0.16310 0.98659
8.10002 99.28692 11.56344 -1.83060 0.00180 0.00551 0.16577 0.98615
8.20000 101.34690 12.28701 -1.84552 0.00029 0.00777 0.16944 0.98551
8.29999 103.39705 13.00923 -1.85769 0.00336 0.00966 0.17384 0.98472
8.39999 105.43045 13.74071 -1.94273 0.00396 0.00667 0.17819 0.98397
8.50000 107.44632 14.49146 -1.95737 0.00240 0.00475 0.18187 0.98331
8.60001 109.47257 15.28429 -1.96629 0.00128 0.00664 0.18505 0.98271
8.70000 111.49561 16.06280 -1.99523 0.00209 0.00927 0.18860 0.98201
8.80000 113.52815 16.84474 -2.05284 0.00569 0.01030 0.19191 0.98134
8.90000 115.54091 17.65011 -2.15981 0.00878 0.00895 0.19517 0.98069
9.00000 117.55292 18.46716 -2.20186 0.00773 0.00612 0.19791 0.98017
9.10001 119.52798 19.29440 -2.22147 0.00734 0.00492 0.20033 0.97969
9.20000 121.53026 20.15865 -2.23187 0.00516 0.00452 0.20282 0.97919
9.30000 123.53360 21.00791 -2.24398 0.00326 0.00598 0.20550 0.97863
9.40000 125.54283 21.87620 -2.30156 0.00682 0.00904 0.20804 0.97806
9.49999 127.56230 22.74844 -2.35652 0.00694 0.00922 0.21088 0.97744
9.60000 129.56290 23.64966 -2.40917 0.01105 0.00993 0.21317 0.97690
9.70000 131.55850 24.55124 -2.45701 0.01519 0.01105 0.21510 0.97641
9.80000 133.57436 25.44885 -2.49814 0.01636 0.01031 0.21713 0.97595
9.90000 135.57329 26.37704 -2.52829 0.01475 0.00913 0.21823 0.97574
10.00001 137.57141 27.32811 -2.61647 0.01299 0.01027 0.21831 0.97574
10.10001 139.59926 28.25589 -2.68169 0.01481 0.01457 0.21793 0.97574
10.20002 141.61783 29.19988 -2.73202 0.01207 0.01632 0.21668 0.97603
10.30001 143.64658 30.11706 -2.77141 0.00823 0.01656 0.21521 0.97639
10.40001 145.67745 31.01847 -2.78104 0.00774 0.01392 0.21425 0.97665
10.50000 147.71021 31.92130 -2.83113 0.01409 0.00982 0.21420 0.97664
10.59999 149.73640 32.82758 -2.91720 0.01826 0.00874 0.21441 0.97653
10.70000 151.77863 33.74967 -2.98913 0.01968 0.01058 0.21432 0.97651
10.80000 153.83046 34.66750 -3.02368 0.01917 0.01243 0.21396 0.97657
10.90000 155.88253 35.59697 -3.03934 0.01681 0.01155 0.21373 0.97668
11.00000 157.92955 36.51708 -3.08367 0.01802 0.01017 0.21357 0.97671
11.10000 159.98873 37.43663 -3.13169 0.02120 0.00923 0.21355 0.97666
11.20000 162.05163 38.36895 -3.18704 0.02284 0.00941 0.21346 0.97664
11.29999 164.12911 39.30277 -3.22975 0.02348 0.00977 0.21362 0.97659
11.39999 166.20449 40.24595 -3.27940 0.02381 0.01051 0.21337 0.97662
11.50000 168.29169 41.19854 -3.33230 0.02325 0.00995 0.21252 0.97683
11.60000 170.37204 42.13846 -3.38418 0.02395 0.00977 0.21190 0.97695
11.70000 172.48287 43.06378 -3.40994 0.02477 0.01009 0.21169 0.97697
11.79999 174.60170 44.00276 -3.44935 0.02597 0.01083 0.21161 0.97695
11.89999 176.70729 44.93866 -3.50330 0.02709 0.01118 0.21165 0.97691
12.00000 178.82689 45.87212 -3.53885 0.02693 0.01121 0.21188 0.97686
12.10000 180.94322 46.81572 -3.58764 0.02777 0.01111 0.21201 0.97681
12.20000 183.07679 47.75306 -3.62409 0.02829 0.01153 0.21218 0.97675
12.29999 185.21771 48.69611 -3.65952 0.02898 0.01204 0.21236 0.97669
12.40000 187.32830 49.65449 -3.70009 0.03073 0.01261 0.21221 0.97666
12.50000 189.47824 50.60831 -3.73905 0.03052 0.01224 0.21229 0.97665
12.60000 191.62705 51.56602 -3.79445 0.02856 0.01143 0.21239 0.97670
12.70000 193.78051 52.52265 -3.84381 0.03078 0.01151 0.21249 0.97661
12.80000 195.94092 53.48558 -3.88081 0.03094 0.01192 0.21277 0.97654
12.90000 198.09770 54.45748 -3.91894 0.03099 0.01231 0.21295 0.97649
13.00000 200.25848 55.43300 -3.98202 0.03118 0.01303 0.21319 0.97643
13.10001 202.41091 56.38986 -4.01656 0.03372 0.01435 0.21339 0.97628
13.20000 204.58598 57.36421 -4.06749 0.03659 0.01472 0.21358 0.97613
13.30000 206.75031 58.33407 -4.09698 0.03526 0.01403 0.21376 0.97615
13.40000 208.93687 59.30060 -4.14448 0.03448 0.01342 0.21401 0.97613
13.50000 211.12673 60.27701 -4.18161 0.03544 0.01329 0.21420 0.97606
13.60000 213.30682 61.26764 -4.23867 0.03502 0.01330 0.21443 0.97602
13.70000 215.48797 62.25415 -4.28754 0.03623 0.01343 0.21449 0.97596
13.80000 217.68643 63.25933 -4.32628 0.03567 0.01333 0.21463 0.97595
13.90000 219.88287 64.25284 -4.36486 0.03653 0.01363 0.21472 0.97590
14.00000 222.08282 65.24271 -4.40938 0.03664 0.01365 0.21481 0.97587
14.10000 224.27330 66.24251 -4.46075 0.03773 0.01388 0.21469 0.97585
14.20000 226.45425 67.23561 -4.49578 0.03702 0.01350 0.21479 0.97586
14.30000 228.64999 68.24156 -4.54029 0.03574 0.01304 0.21485 0.97591
14.40000 230.85095 69.24304 -4.57543 0.03680 0.01347 0.21484 0.97586
14.50000 233.05243 70.23822 -4.62724 0.03746 0.01405 0.21511 0.97577
14.60001 235.24618 71.25677 -4.69317 0.03746 0.01378 0.21505 0.97579
14.70001 237.43253 72.24661 -4.71701 0.03718 0.01391 0.21532 0.97574
14.80000 239.64161 73.24163 -4.74588 0.03723 0.01362 0.21549 0.97570
14.90000 241.83560 74.26670 -4.81949 0.03691 0.01335 0.21534 0.97575
15.00000 244.01884 75.27429 -4.88121 0.03793 0.01321 0.21525 0.97573
15.10001 246.23406 76.26884 -4.90517 0.03928 0.01411 0.21550 0.97561
15.20001 248.44066 77.28111 -4.93990 0.03872 0.01389 0.21563 0.97561
15.30000 250.65594 78.29466 -4.98049 0.03813 0.01344 0.21544 0.97568
15.40000 252.85815 79.31442 -5.00987 0.03661 0.01327 0.21506 0.97582
15.50000 255.09687 80.32515 -5.06956 0.03653 0.01362 0.21480 0.97588
15.60001 257.32245 81.33249 -5.13249 0.03779 0.01359 0.21465 0.97587
15.70000 259.53957 82.33625 -5.18183 0.03780 0.01322 0.21458 0.97588
15.80000 261.75318 83.34238 -5.21028 0.03936 0.01454 0.21447 0.97583
15.90000 263.96254 84.35514 -5.26649 0.04061 0.01489 0.21400 0.97588
16.00000 266.18592 85.34962 -5.31313 0.03897 0.01414 0.21403 0.97595
16.10001 268.40967 86.34550 -5.35115 0.03933 0.01414 0.21386 0.97597
16.20000 270.62995 87.35294 -5.40755 0.03598 0.01359 0.21375 0.97613
16.30000 272.85094 88.36229 -5.44839 0.03874 0.01445 0.21335 0.97610
16.40000 275.07828 89.36298 -5.47917 0.03792 0.01461 0.21335 0.97613
16.50000 277.30395 90.36368 -5.51308 0.04108 0.01543 0.21318 0.97603
16.60000 279.49874 91.33139 -5.53262 0.03955 0.01565 0.21321 0.97608
16.70000 281.78044 92.35345 -5.60432 0.04061 0.01550 0.21309 0.97606
16.80000 284.01182 93.35992 -5.66690 0.04223 0.01510 0.21280 0.97607
16.90000 286.23655 94.35667 -5.69420 0.04354 0.01569 0.21252 0.97606
17.00000 288.46060 95.35839 -5.74872 0.03966 0.01430 0.21236 0.97628
17.10000 290.68720 96.36195 -5.80967 0.03956 0.01449 0.21216 0.97633
17.20000 292.94499 97.35945 -5.83494 0.04122 0.01573 0.21214 0.97624
17.30000 295.20111 98.35991 -5.89743 0.04097 0.01537 0.21212 0.97626
17.40000 297.43987 99.35562 -5.95545 0.04064 0.01476 0.21213 0.97628
17.50000 299.70087 100.34420 -5.95082 0.04034 0.01561 0.21259 0.97618
17.60000 301.95501 101.33952 -5.99682 0.03990 0.01520 0.21253 0.97622
17.70000 304.21838 102.33922 -6.00704 0.03912 0.01593 0.21267 0.97621
17.80000 306.46195 103.36042 -6.06309 0.03904 0.01580 0.21233 0.97629
17.90000 308.70483 104.36636 -6.12711 0.03914 0.01544 0.21225 0.97631
18.00000 310.95104 105.36673 -6.16859 0.04052 0.01572 0.21230 0.97624
18.10000 313.18234 106.38006 -6.22010 0.04043 0.01618 0.21200 0.97630
18.20000 315.43003 107.37056 -6.27667 0.04201 0.01704 0.21219 0.97618
18.30000 317.68427 108.37625 -6.32888 0.04312 0.01665 0.21254 0.97606
18.40000 319.93627 109.36836 -6.38784 0.04383 0.01653 0.21307 0.97591
18.50000 322.17104 110.38111 -6.43518 0.04281 0.01573 0.21343 0.97589
18.60000 324.42581 111.37629 -6.48780 0.04272 0.01581 0.21415 0.97574
18.70000 326.66681 112.39632 -6.51840 0.04215 0.01626 0.21442 0.97570
18.80000 328.91786 113.41057 -6.56278 0.04337 0.01668 0.21497 0.97551
18.90000 331.16873 114.44043 -6.60583 0.04306 0.01635 0.21540 0.97544
19.00001 333.41606 115.44969 -6.65388 0.04046 0.01576 0.21581 0.97547
19.10001 335.66226 116.47077 -6.71284 0.04164 0.01603 0.21607 0.97536
19.20000 337.90706 117.50151 -6.75790 0.04100 0.01617 0.21644 0.97530
19.30000 340.14269 118.52160 -6.80187 0.03915 0.01571 0.21682 0.97530
19.40000 342.38857 119.56309 -6.85890 0.03884 0.01566 0.21696 0.97528
19.50000 344.62148 120.59976 -6.90745 0.03866 0.01593 0.21717 0.97524
19.60000 346.87232 121.61379 -6.95483 0.04004 0.01645 0.21770 0.97506
19.70000 349.11035 122.64028 -6.99503 0.04089 0.01657 0.21820 0.97491
19.80000 351.34379 123.67438 -7.02035 0.03974 0.01624 0.21847 0.97490
19.90000 353.56671 124.70031 -7.07318 0.03972 0.01546 0.21865 0.97487
20.00001 355.78669 125.73116 -7.12673 0.04018 0.01547 0.21881 0.97482
20.10000 358.01140 126.77543 -7.19678 0.04029 0.01576 0.21901 0.97476
20.20000 360.25305 127.80070 -7.21559 0.03888 0.01558 0.21946 0.97472
20.30000 362.47148 128.82525 -7.25453 0.03991 0.01606 0.21981 0.97459
20.40000 364.66355 129.84200 -7.31524 0.03983 0.01636 0.22014 0.97452
20.50000 366.90389 130.88270 -7.37149 0.04072 0.01713 0.22056 0.97437
20.60000 369.10812 131.90929 -7.40733 0.03999 0.01693 0.22094 0.97432
20.70000 371.30918 132.94220 -7.45593 0.04108 0.01705 0.22131 0.97419
20.80000 373.49829 133.96917 -7.49075 0.04043 0.01714 0.22147 0.97418
20.90000 375.69604 135.00429 -7.51748 0.03938 0.01672 0.22135 0.97426
21.00000 377.85651 136.03520 -7.54746 0.03886 0.01641 0.22088 0.97439
21.10001 380.01457 137.07776 -7.62252 0.03746 0.01528 0.22050 0.97455
21.20000 382.18228 138.08721 -7.64991 0.03588 0.01535 0.22048 0.97461
21.30000 384.34755 139.08813 -7.70633 0.03654 0.01585 0.22073 0.97452
21.40000 386.50136 140.08952 -7.74902 0.03496 0.01607 0.22073 0.97458
21.50000 388.64967 141.09965 -7.78167 0.03208 0.01591 0.22003 0.97484
21.60001 390.77932 142.10403 -7.80023 0.03027 0.01627 0.21922 0.97507
21.70000 392.90729 143.11015 -7.82873 0.02825 0.01530 0.21830 0.97535
21.80000 395.02373 144.08382 -7.85965 0.02784 0.01517 0.21779 0.97548
21.90000 397.07965 145.05741 -7.89116 0.02836 0.01534 0.21687 0.97567
22.00000 399.18574 146.02144 -7.94864 0.02730 0.01477 0.21692 0.97570
22.10000 401.26163 147.00817 -8.00521 0.02791 0.01471 0.21696 0.97567
22.20000 403.35296 147.91950 -8.04641 0.02792 0.01531 0.21789 0.97545
22.30000 405.44975 148.84663 -8.05799 0.02532 0.01463 0.21760 0.97560
22.40000 407.55920 149.76328 -8.10218 0.02588 0.01453 0.21888 0.97530
22.50000 409.62982 150.69116 -8.17415 0.02452 0.01364 0.21972 0.97516
22.60000 411.62531 151.69442 -8.20909 0.02335 0.01389 0.21940 0.97526
22.70000 413.68344 152.66706 -8.25054 0.02270 0.01379 0.22030 0.97507
22.80000 415.72074 153.61622 -8.28850 0.02032 0.01408 0.21980 0.97523
22.90000 417.73590 154.55137 -8.29342 0.01634 0.01324 0.21973 0.97533
23.00000 419.71374 155.50870 -8.34588 0.01834 0.01412 0.22110 0.97498
23.10001 421.71734 156.45383 -8.36368 0.01544 0.01279 0.22171 0.97491
23.20000 423.67732 157.42945 -8.43314 0.01762 0.01291 0.22315 0.97454
23.30000 425.63385 158.40306 -8.47878 0.01713 0.01178 0.22432 0.97429
23.39999 427.59702 159.34364 -8.49735 0.01637 0.01230 0.22572 0.97398
23.50000 429.55086 160.29777 -8.52859 0.01639 0.01413 0.22802 0.97342
23.60000 431.50606 161.25298 -8.56759 0.01699 0.01412 0.23112 0.97267
23.70000 433.44477 162.23735 -8.58383 0.01851 0.01266 0.23419 0.97193
23.80000 435.31317 163.21393 -8.64496 0.02000 0.01283 0.23717 0.97118
23.90000 437.19047 164.25211 -8.68054 0.02103 0.01193 0.24038 0.97038
24.00000 439.07296 165.23722 -8.72401 0.01604 0.00775 0.24257 0.96997
24.10001 440.94675 166.23753 -8.76297 0.01341 0.00760 0.24587 0.96918
24.20001 442.82710 167.24794 -8.73574 0.00903 0.00637 0.24883 0.96848
24.30000 444.68350 168.26793 -8.74980 0.01113 0.00662 0.25283 0.96742
24.40000 446.59638 169.28643 -8.77724 0.00908 0.00684 0.25695 0.96636
24.50001 448.46869 170.34258 -8.82526 0.01256 0.00839 0.26159 0.96506
24.60001 450.31165 171.44021 -8.87525 0.01432 0.00677 0.26525 0.96405
24.70001 452.16099 172.53027 -8.91958 0.01600 0.00426 0.26975 0.96279
24.80001 453.95436 173.66864 -8.95416 0.01479 0.00405 0.27288 0.96193
24.90001 455.81553 174.81505 -8.95199 0.01150 0.00464 0.27677 0.96086
25.00001 457.64737 175.94551 -8.97083 0.01075 0.00395 0.28055 0.95977
25.10001 459.45481 177.14040 -8.95731 0.01158 0.00407 0.28449 0.95860
25.20001 461.26011 178.29367 -8.97041 0.01130 0.00303 0.28877 0.95733
25.30001 463.05695 179.49400 -8.98891 0.01274 0.00262 0.29277 0.95610
25.40001 464.84663 180.67268 -8.98176 0.01098 0.00147 0.29598 0.95513
25.50002 466.60179 181.89243 -8.98126 0.00863 0.00051 0.29899 0.95422
25.60001 468.37282 183.16389 -8.98783 0.01179 0.00218 0.30294 0.95293
25.70001 470.18649 184.41087 -8.98761 0.01062 0.00225 0.30655 0.95179
25.80001 471.94112 185.69034 -8.97607 0.01080 0.00268 0.30994 0.95069
25.90001 473.69845 186.96306 -8.99872 0.01197 0.00060 0.31433 0.94924
26.00001 475.43044 188.26681 -8.99847 0.01208 -0.00116 0.31797 0.94802
26.10002 477.15123 189.58530 -8.97383 0.01342 -0.00225 0.32171 0.94674
26.20001 478.86302 190.89872 -8.95246 0.01232 -0.00234 0.32488 0.94567
26.30001 480.61017 192.24232 -8.92203 0.01236 -0.00180 0.32822 0.94452
26.40001 482.33707 193.58325 -8.89260 0.01579 -0.00121 0.33210 0.94311
26.50001 484.07030 194.93224 -8.86839 0.01526 -0.00136 0.33628 0.94164
26.60001 485.76193 196.33754 -8.87204 0.01641 0.00064 0.33954 0.94045
26.70001 487.44057 197.73034 -8.87893 0.01605 -0.00141 0.34327 0.93910
26.80001 489.09027 199.15303 -8.82393 0.01606 -0.00271 0.34603 0.93808
26.90001 490.74866 200.58533 -8.80635 0.01572 -0.00377 0.34981 0.93668
27.00000 492.38395 202.04219 -8.79497 0.01568 -0.00466 0.35265 0.93561
27.10001 494.04954 203.45726 -8.75245 0.01518 -0.00452 0.35656 0.93414
27.20000 495.69324 204.90234 -8.69463 0.01619 -0.00398 0.36078 0.93250
27.30000 497.32101 206.36761 -8.68013 0.01711 -0.00378 0.36537 0.93070
27.40000 498.91245 207.84417 -8.61988 0.01712 -0.00454 0.36906 0.92924
27.50001 500.52325 209.32826 -8.61915 0.01765 -0.00538 0.37331 0.92752
27.60001 502.12509 210.83005 -8.54762 0.01694 -0.00583 0.37703 0.92603
27.70001 503.68616 212.35993 -8.51479 0.01843 -0.00671 0.38101 0.92436
27.80000 505.24481 213.91739 -8.45460 0.01805 -0.00554 0.38445 0.92295
27.90001 506.80857 215.47488 -8.41309 0.01866 -0.00552 0.38843 0.92127
28.00001 508.36250 217.03166 -8.32873 0.01833 -0.00619 0.39374 0.91902
28.10001 509.88391 218.64474 -8.29299 0.01906 -0.00731 0.39759 0.91734
28.20001 511.35587 220.24541 -8.23450 0.01851 -0.00936 0.40122 0.91575
28.30001 512.84717 221.85378 -8.20254 0.01817 -0.00963 0.40469 0.91422
28.40001 514.31863 223.46423 -8.14316 0.01760 -0.01146 0.40751 0.91296
28.50001 515.77705 225.08790 -8.05633 0.01743 -0.01310 0.41097 0.91139
28.60001 517.20239 226.71702 -7.99561 0.01958 -0.01029 0.41435 0.90985
28.70001 518.66535 228.37806 -7.91490 0.02228 -0.00782 0.41873 0.90781
28.80001 520.11033 230.07661 -7.85136 0.02408 -0.00799 0.42264 0.90594
28.90001 521.53285 231.75969 -7.76485 0.02418 -0.00945 0.42672 0.90401
29.00002 522.95720 233.43402 -7.71504 0.02289 -0.01039 0.42998 0.90249
29.10002 524.35841 235.15235 -7.67100 0.02121 -0.01206 0.43340 0.90087
29.20002 525.75384 236.89602 -7.60050 0.02318 -0.01062 0.43706 0.89907
29.30002 527.14250 238.64663 -7.49657 0.02336 -0.01125 0.44020 0.89753
29.40002 528.46808 240.40552 -7.38988 0.02365 -0.01140 0.44347 0.89590
29.50002 529.82867 242.18692 -7.30682 0.02305 -0.01201 0.44664 0.89433
29.60002 531.18811 243.99272 -7.22652 0.02406 -0.01138 0.45043 0.89242
29.70001 532.53186 245.78464 -7.15120 0.02494 -0.01233 0.45414 0.89049
29.80002 533.89613 247.58254 -7.07033 0.02483 -0.01253 0.45837 0.88833
29.90002 535.21075 249.40675 -7.00606 0.02782 -0.01165 0.46230 0.88621
30.00002 536.52405 251.22316 -6.90106 0.02858 -0.01148 0.46677 0.88384
