0.10001 0.00000 0.00000 0.00000 0.00000 0.00000 0.00000 1.00000
0.20002 0.98911 0.10201 0.01380 -0.01286 0.00024 0.02638 0.99957
0.30002 1.61571 0.21282 -0.03748 -0.00809 -0.00108 0.03974 0.99918
0.40002 2.25092 0.33788 -0.01532 -0.00845 -0.00185 0.04465 0.99897
0.50001 2.87533 0.41347 -0.00397 -0.00938 -0.00203 0.04642 0.99888
0.60000 3.53220 0.53373 -0.03712 -0.00988 -0.00331 0.04763 0.99881
0.69999 4.20269 0.63485 -0.03246 -0.01216 -0.00381 0.04695 0.99882
0.79998 4.89956 0.68459 -0.03972 -0.01062 -0.00393 0.04406 0.99896
0.89996 5.62122 0.72322 -0.04498 -0.01032 -0.00408 0.04286 0.99902
0.99996 6.37587 0.80583 -0.03174 -0.01181 -0.00404 0.04093 0.99908
1.09995 7.15174 0.88493 -0.03475 -0.01308 -0.00426 0.03935 0.99913
1.19994 7.96139 0.95521 -0.04785 -0.01345 -0.00487 0.03815 0.99917
1.29994 8.78760 1.02370 -0.05133 -0.01371 -0.00551 0.03658 0.99922
1.39994 9.64050 1.03688 -0.06112 -0.01546 -0.00640 0.03343 0.99930
1.49995 10.52172 1.07154 -0.03193 -0.01645 -0.00683 0.03035 0.99938
1.59995 11.42637 1.12663 -0.04020 -0.01607 -0.00737 0.02477 0.99954
1.69994 12.33820 1.16133 -0.04607 -0.01729 -0.00836 0.01817 0.99965
1.79994 13.29434 1.18588 -0.05316 -0.01719 -0.00890 0.01250 0.99973
1.89993 14.27957 1.15315 -0.04445 -0.01840 -0.00852 0.00587 0.99978
1.99993 15.28352 1.15200 0.00752 -0.01922 -0.00662 -0.00056 0.99979
2.09993 16.30850 1.13804 -0.04066 -0.01978 -0.00639 -0.00916 0.99974
2.19993 17.36156 1.07511 -0.03293 -0.02048 -0.00611 -0.01862 0.99960
2.29993 18.42557 0.97912 -0.02269 -0.02148 -0.00619 -0.02754 0.99937
2.39993 19.49848 0.90001 0.01077 -0.02245 -0.00549 -0.03690 0.99905
2.49992 20.56622 0.80180 -0.01858 -0.02208 -0.00525 -0.04557 0.99870
2.59992 21.65644 0.66693 -0.03259 -0.02317 -0.00493 -0.05596 0.99815
2.69992 22.75028 0.52977 -0.02002 -0.02373 -0.00438 -0.06593 0.99753
2.79992 23.82972 0.36950 -0.02223 -0.02421 -0.00536 -0.07686 0.99673
2.89993 24.90339 0.18079 -0.01580 -0.02513 -0.00671 -0.08853 0.99573
2.99993 25.95534 -0.05994 -0.00207 -0.02650 -0.00798 -0.09884 0.99472
3.09992 27.01852 -0.31892 0.01471 -0.02620 -0.00881 -0.11000 0.99355
3.19992 28.08542 -0.57894 0.06631 -0.02664 -0.00807 -0.12118 0.99224
3.29992 29.16328 -0.87468 0.11552 -0.02636 -0.00740 -0.13313 0.99072
3.39992 30.22929 -1.20739 0.12138 -0.02660 -0.00797 -0.14430 0.98914
3.49993 31.27205 -1.56416 0.13722 -0.02636 -0.00892 -0.15524 0.98749
3.59992 32.30320 -1.93745 0.19597 -0.02626 -0.00883 -0.16651 0.98565
3.69992 33.30838 -2.34409 0.21335 -0.02556 -0.01016 -0.17639 0.98394
3.79992 34.32066 -2.75330 0.22480 -0.02573 -0.01172 -0.18663 0.98202
3.89992 35.31362 -3.16004 0.26262 -0.02493 -0.01261 -0.19662 0.98008
3.99992 36.30269 -3.60480 0.29226 -0.02487 -0.01325 -0.20654 0.97803
4.09992 37.27898 -4.07019 0.35766 -0.02590 -0.01290 -0.21647 0.97586
4.19991 38.24876 -4.54668 0.37772 -0.02486 -0.01352 -0.22644 0.97361
4.29992 39.18929 -5.07387 0.43592 -0.02523 -0.01356 -0.23615 0.97129
4.39992 40.13886 -5.59857 0.44328 -0.02447 -0.01535 -0.24484 0.96913
4.49992 41.04910 -6.12758 0.50021 -0.02392 -0.01578 -0.25353 0.96690
4.59992 41.96108 -6.67513 0.52225 -0.02287 -0.01726 -0.26168 0.96473
4.69991 42.83888 -7.26789 0.60790 -0.02316 -0.01733 -0.26907 0.96269
4.79991 43.72226 -7.82411 0.64475 -0.02214 -0.01863 -0.27577 0.96079
4.89991 44.59795 -8.41257 0.69030 -0.02198 -0.01964 -0.28198 0.95897
4.99991 45.46153 -9.02096 0.72714 -0.02238 -0.02042 -0.28707 0.95743
5.09991 46.31826 -9.64805 0.78963 -0.02281 -0.02076 -0.29221 0.95586
5.19991 47.18194 -10.27596 0.85859 -0.02312 -0.02049 -0.29721 0.95431
5.29991 48.05844 -10.92137 0.89923 -0.02389 -0.02023 -0.30252 0.95263
5.39992 48.91400 -11.56938 0.95521 -0.02335 -0.02047 -0.30657 0.95134
5.49992 49.76760 -12.20931 0.99739 -0.02245 -0.02166 -0.31053 0.95005
5.59992 50.63077 -12.86156 1.05736 -0.02191 -0.02332 -0.31423 0.94881
5.69992 51.49442 -13.52006 1.12542 -0.02214 -0.02387 -0.31754 0.94769
5.79992 52.32835 -14.17554 1.17997 -0.02181 -0.02434 -0.32103 0.94650
5.89991 53.16746 -14.86124 1.24878 -0.02263 -0.02400 -0.32427 0.94539
5.99992 54.01697 -15.52787 1.29647 -0.02236 -0.02451 -0.32692 0.94447
6.09992 54.84473 -16.23071 1.35866 -0.02362 -0.02446 -0.32977 0.94345
6.19992 55.68658 -16.90953 1.42546 -0.02275 -0.02487 -0.33273 0.94242
6.29992 56.51031 -17.61739 1.49468 -0.02266 -0.02495 -0.33466 0.94174
6.39992 57.32934 -18.32900 1.55622 -0.02335 -0.02526 -0.33666 0.94100
6.49992 58.17471 -19.00628 1.61474 -0.02224 -0.02629 -0.33843 0.94036
6.59992 59.01586 -19.71210 1.67104 -0.02213 -0.02689 -0.33987 0.93983
6.69992 59.85932 -20.42456 1.74554 -0.02152 -0.02727 -0.34057 0.93958
6.79992 60.69609 -21.17472 1.81907 -0.02378 -0.02599 -0.34093 0.93943
6.89992 61.54227 -21.92812 1.90692 -0.02577 -0.02469 -0.34125 0.93930
6.99993 62.41396 -22.66465 1.97132 -0.02481 -0.02393 -0.34172 0.93917
7.09992 63.27531 -23.37451 2.03060 -0.02153 -0.02381 -0.34209 0.93912
7.19992 64.12896 -24.14105 2.10016 -0.02558 -0.02167 -0.34222 0.93902
7.29992 65.00236 -24.89631 2.15341 -0.02722 -0.02036 -0.34223 0.93900
7.39992 65.87233 -25.64870 2.20967 -0.02556 -0.01964 -0.34200 0.93915
7.49992 66.72549 -26.40126 2.24572 -0.02934 -0.01697 -0.34112 0.93941
7.59992 67.61252 -27.14943 2.27282 -0.03132 -0.01683 -0.34025 0.93966
7.69992 68.51025 -27.89538 2.30966 -0.03579 -0.01788 -0.33933 0.93982
7.79992 69.39068 -28.61480 2.35888 -0.03759 -0.01942 -0.33878 0.93992
7.89993 70.28986 -29.34768 2.46846 -0.03735 -0.01881 -0.33884 0.93991
7.99993 71.18874 -30.10828 2.55473 -0.03963 -0.01522 -0.33870 0.93994
8.09993 72.10670 -30.87666 2.61935 -0.04005 -0.01291 -0.33866 0.93997
8.19992 73.01845 -31.63937 2.64807 -0.03917 -0.01408 -0.33861 0.94000
8.29992 73.93400 -32.40221 2.68892 -0.03882 -0.01548 -0.33885 0.93991
8.39993 74.86613 -33.16896 2.74924 -0.03688 -0.01606 -0.33965 0.93969
8.49993 75.77914 -33.94494 2.79008 -0.03886 -0.01586 -0.34069 0.93924
8.59993 76.70288 -34.71270 2.83415 -0.04096 -0.01756 -0.34202 0.93863
8.69992 77.60730 -35.48969 2.91496 -0.04255 -0.01886 -0.34356 0.93798
8.79992 78.52283 -36.27379 3.00818 -0.04192 -0.01874 -0.34537 0.93734
8.89992 79.41947 -37.07486 3.09944 -0.04499 -0.01635 -0.34683 0.93670
8.99993 80.31332 -37.88016 3.16134 -0.04279 -0.01712 -0.34817 0.93630
9.09992 81.21716 -38.69045 3.22865 -0.04211 -0.01582 -0.34936 0.93591
9.19991 82.13511 -39.49510 3.29494 -0.03800 -0.01501 -0.35071 0.93559
9.29991 83.05054 -40.30288 3.34168 -0.04246 -0.01242 -0.35174 0.93505
9.39992 83.96215 -41.10160 3.37736 -0.04362 -0.01242 -0.35289 0.93456
9.49992 84.86635 -41.92067 3.43699 -0.04578 -0.01246 -0.35355 0.93421
9.59992 85.76886 -42.73878 3.48067 -0.04545 -0.01542 -0.35431 0.93390
9.69992 86.66418 -43.55865 3.55437 -0.04422 -0.01827 -0.35434 0.93389
9.79991 87.55544 -44.36038 3.66485 -0.04754 -0.01765 -0.35450 0.93368
9.89992 88.45430 -45.17855 3.74349 -0.04116 -0.01956 -0.35497 0.93376
9.99992 89.35204 -45.98781 3.84600 -0.04370 -0.01782 -0.35564 0.93343
10.09992 90.25072 -46.81572 3.92220 -0.04580 -0.01766 -0.35609 0.93316
10.19992 91.14687 -47.63666 3.98119 -0.04916 -0.01779 -0.35652 0.93282
10.29992 92.05823 -48.45985 4.05492 -0.04693 -0.01872 -0.35723 0.93265
10.39992 92.96075 -49.27632 4.12590 -0.04313 -0.01924 -0.35788 0.93257
10.49992 93.87266 -50.10006 4.20108 -0.04558 -0.01729 -0.35823 0.93236
10.59992 94.77117 -50.93211 4.29129 -0.04614 -0.01646 -0.35828 0.93233
10.69991 95.66775 -51.75317 4.37309 -0.04637 -0.01667 -0.35817 0.93236
10.79991 96.56812 -52.58081 4.44532 -0.04135 -0.01870 -0.35827 0.93252
10.89992 97.46725 -53.40533 4.50126 -0.04213 -0.01807 -0.35804 0.93258
10.99992 98.36392 -54.23733 4.59859 -0.04447 -0.01740 -0.35756 0.93267
11.09991 99.27414 -55.06361 4.70878 -0.04520 -0.01913 -0.35728 0.93271
11.19991 100.17753 -55.87165 4.80820 -0.04586 -0.02134 -0.35710 0.93269
11.29992 101.08420 -56.69439 4.86864 -0.05209 -0.01992 -0.35665 0.93257
11.39991 101.99000 -57.53238 4.89667 -0.05458 -0.01765 -0.35637 0.93258
11.49991 102.90144 -58.34979 4.97059 -0.04669 -0.01805 -0.35669 0.93288
11.59991 103.80203 -59.17078 5.06621 -0.04299 -0.01781 -0.35669 0.93306
11.69992 104.70571 -59.98732 5.16015 -0.05106 -0.01496 -0.35615 0.93291
11.79992 105.60032 -60.79838 5.22317 -0.04852 -0.01722 -0.35603 0.93306
11.89992 106.50352 -61.62845 5.27736 -0.04500 -0.01851 -0.35626 0.93312
11.99992 107.38685 -62.44942 5.33856 -0.03634 -0.01918 -0.35680 0.93328
12.09992 108.28899 -63.26259 5.38791 -0.04056 -0.01290 -0.35693 0.93316
12.19992 109.20210 -64.08604 5.43525 -0.03774 -0.00764 -0.35761 0.93308
12.29992 110.11136 -64.90645 5.50546 -0.03911 -0.00058 -0.35798 0.93291
12.39992 111.02699 -65.72872 5.53903 -0.04116 0.00403 -0.35838 0.93266
12.49992 111.92703 -66.56558 5.56419 -0.03816 0.00508 -0.35874 0.93264
12.59992 112.82523 -67.40344 5.58846 -0.03633 0.00693 -0.35884 0.93266
12.69991 113.72301 -68.24382 5.62119 -0.03624 0.01142 -0.35890 0.93260
12.79992 114.63814 -69.08112 5.63496 -0.03727 0.01712 -0.35920 0.93236
12.89992 115.55022 -69.94129 5.57730 -0.02743 0.01649 -0.35957 0.93257
12.99992 116.47110 -70.80558 5.50811 -0.02910 0.01699 -0.35983 0.93241
13.09991 117.38244 -71.65164 5.47294 -0.03043 0.01547 -0.35969 0.93245
13.19991 118.29161 -72.50743 5.47269 -0.03154 0.01423 -0.35973 0.93241
13.29991 119.21787 -73.35677 5.48190 -0.02902 0.01382 -0.35999 0.93240
13.39991 120.15528 -74.22362 5.48313 -0.03059 0.01707 -0.36023 0.93221
13.49992 121.09683 -75.10942 5.44236 -0.02917 0.01931 -0.36026 0.93220
13.59991 122.04455 -76.00585 5.40887 -0.02543 0.01961 -0.36028 0.93229
13.69991 122.99969 -76.89610 5.36484 -0.02384 0.01892 -0.36045 0.93228
13.79991 123.95091 -77.78625 5.32712 -0.02560 0.01938 -0.36022 0.93231
13.89991 124.92704 -78.68399 5.31092 -0.02633 0.02057 -0.36028 0.93225
13.99991 125.86995 -79.57853 5.27044 -0.02536 0.01995 -0.36004 0.93238
14.09991 126.83548 -80.45960 5.23505 -0.02775 0.02028 -0.36013 0.93227
14.19991 127.79777 -81.37738 5.17682 -0.02517 0.01910 -0.35985 0.93248
14.29991 128.77474 -82.27801 5.12798 -0.02750 0.02011 -0.35967 0.93246
14.39991 129.75696 -83.20631 5.10170 -0.02740 0.02012 -0.35953 0.93251
14.49992 130.74993 -84.11609 5.09374 -0.02508 0.01942 -0.35960 0.93257
14.59991 131.72919 -85.04568 5.08788 -0.02440 0.02014 -0.35913 0.93275
14.69991 132.73186 -85.95751 5.04285 -0.02490 0.02094 -0.35918 0.93270
14.79991 133.74804 -86.90094 5.00594 -0.02786 0.02086 -0.35884 0.93275
14.89991 134.73566 -87.81794 4.98424 -0.02544 0.01797 -0.35856 0.93299
14.99992 135.72445 -88.73705 4.97664 -0.02435 0.01689 -0.35822 0.93317
15.09991 136.73849 -89.66298 4.97263 -0.02241 0.01789 -0.35823 0.93319
15.19991 137.75716 -90.59066 4.95081 -0.01945 0.01930 -0.35839 0.93317
15.29991 138.77600 -91.52568 4.91407 -0.02209 0.02242 -0.35846 0.93301
15.39992 139.81631 -92.47686 4.86663 -0.02637 0.02478 -0.35868 0.93276
15.49991 140.81618 -93.42930 4.82261 -0.02664 0.02398 -0.35832 0.93291
15.59991 141.82354 -94.33743 4.78976 -0.02681 0.02260 -0.35864 0.93282
15.69991 142.81336 -95.25803 4.73107 -0.03044 0.02178 -0.35863 0.93273
15.79992 143.80559 -96.17497 4.70516 -0.02592 0.01774 -0.35884 0.93287
15.89992 144.80373 -97.10449 4.71246 -0.02272 0.01605 -0.35895 0.93294
15.99992 145.80719 -98.03155 4.70528 -0.02514 0.01736 -0.35904 0.93282
16.09992 146.81761 -98.95741 4.68988 -0.02195 0.01720 -0.35932 0.93280
16.19991 147.81206 -99.88405 4.65966 -0.02153 0.01729 -0.35941 0.93277
16.29991 148.80677 -100.80698 4.64186 -0.01839 0.01580 -0.35946 0.93285
16.39991 149.80086 -101.73941 4.62029 -0.01882 0.01536 -0.35930 0.93291
16.49992 150.80082 -102.67801 4.60719 -0.01722 0.01481 -0.35918 0.93299
16.59991 151.80738 -103.60417 4.57151 -0.01684 0.01410 -0.35923 0.93299
16.69991 152.80367 -104.55126 4.53995 -0.01650 0.01286 -0.35904 0.93309
16.79990 153.81938 -105.48132 4.52833 -0.01266 0.01186 -0.35898 0.93318
16.89991 154.83273 -106.39661 4.52198 -0.01851 0.01638 -0.35909 0.93298
16.99991 155.82946 -107.32302 4.49193 -0.01932 0.01823 -0.35903 0.93295
17.09991 156.84581 -108.25829 4.47150 -0.02341 0.02016 -0.35909 0.93279
17.19991 157.85110 -109.17028 4.45049 -0.01914 0.01754 -0.35922 0.93289
17.29991 158.82752 -110.10151 4.43834 -0.01611 0.01610 -0.35907 0.93303
17.39991 159.82882 -111.02586 4.39991 -0.01599 0.01675 -0.35913 0.93300
17.49992 160.84420 -111.92569 4.36073 -0.01928 0.01841 -0.35976 0.93267
17.59991 161.85744 -112.87096 4.34348 -0.02042 0.01912 -0.36000 0.93253
17.69991 162.85448 -113.79817 4.30741 -0.02108 0.01872 -0.36009 0.93249
17.79991 163.85720 -114.72555 4.28184 -0.01869 0.01729 -0.36029 0.93249
17.89991 164.85828 -115.64802 4.25885 -0.01919 0.01732 -0.36049 0.93240
17.99991 165.86230 -116.59475 4.21711 -0.01601 0.01632 -0.36062 0.93243
18.09991 166.87335 -117.53135 4.19200 -0.02145 0.01975 -0.36057 0.93227
18.19990 167.87404 -118.46125 4.17023 -0.02177 0.02003 -0.36074 0.93220
18.29991 168.86031 -119.38112 4.13085 -0.02194 0.01882 -0.36086 0.93217
18.39991 169.86473 -120.30659 4.09449 -0.02772 0.01984 -0.36093 0.93197
18.49991 170.87398 -121.24614 4.06231 -0.02416 0.01800 -0.36104 0.93206
18.59991 171.89657 -122.20310 4.02901 -0.02099 0.01737 -0.36090 0.93221
18.69991 172.91462 -123.14846 4.00176 -0.02238 0.01847 -0.36102 0.93211
18.79991 173.91309 -124.09125 3.96109 -0.02306 0.01901 -0.36088 0.93214
18.89991 174.93593 -125.05008 3.93646 -0.02345 0.02072 -0.36075 0.93214
18.99991 175.97488 -126.00493 3.91498 -0.02548 0.02241 -0.36065 0.93208
19.09991 177.01094 -126.96462 3.88584 -0.02207 0.01988 -0.36058 0.93225
19.19990 178.04257 -127.91811 3.84845 -0.02251 0.01808 -0.36053 0.93230
19.29991 179.04016 -128.83664 3.82219 -0.02361 0.01651 -0.36042 0.93235
19.39991 180.06906 -129.79289 3.82329 -0.02610 0.01760 -0.36015 0.93236
19.49991 181.09307 -130.75784 3.79676 -0.02549 0.01731 -0.35964 0.93258
19.59991 182.12494 -131.74120 3.76580 -0.02389 0.01660 -0.35873 0.93299
19.69990 183.15176 -132.70329 3.74647 -0.01888 0.01437 -0.35809 0.93339
19.79991 184.19770 -133.65671 3.72859 -0.01586 0.01271 -0.35761 0.93365
19.89991 185.25447 -134.61550 3.71285 -0.01451 0.01190 -0.35729 0.93380
19.99992 186.29825 -135.57201 3.70981 -0.01548 0.01284 -0.35697 0.93390
20.09991 187.35132 -136.52537 3.68261 -0.01783 0.01360 -0.35676 0.93393
20.19992 188.40622 -137.47314 3.64712 -0.02086 0.01302 -0.35684 0.93384
20.29992 189.46428 -138.43935 3.61696 -0.02987 0.01392 -0.35675 0.93362
20.39992 190.52801 -139.41905 3.60721 -0.02632 0.01126 -0.35672 0.93377
20.49992 191.59211 -140.38792 3.62499 -0.02628 0.01185 -0.35653 0.93384
20.59991 192.64987 -141.35809 3.62665 -0.02223 0.01085 -0.35665 0.93391
20.69991 193.70755 -142.31565 3.61667 -0.02441 0.01271 -0.35658 0.93386
20.79991 194.78158 -143.30029 3.60805 -0.02438 0.01470 -0.35650 0.93386
20.89991 195.84654 -144.26856 3.58494 -0.02242 0.01591 -0.35638 0.93394
20.99992 196.92274 -145.24440 3.54900 -0.02124 0.01689 -0.35638 0.93395
21.09991 198.00355 -146.22110 3.51846 -0.02521 0.01926 -0.35625 0.93385
21.19991 199.06947 -147.20378 3.47943 -0.02311 0.01781 -0.35602 0.93402
21.29991 200.14840 -148.18123 3.45789 -0.02521 0.01734 -0.35585 0.93404
21.39991 201.22250 -149.17990 3.42792 -0.02543 0.01624 -0.35562 0.93414
21.49991 202.27680 -150.14130 3.41712 -0.02692 0.01748 -0.35547 0.93414
21.59991 203.36343 -151.13605 3.40042 -0.02535 0.02009 -0.35573 0.93403
21.69991 204.43319 -152.11188 3.37378 -0.01983 0.02106 -0.35589 0.93408
21.79991 205.52144 -153.09407 3.34741 -0.02079 0.02304 -0.35630 0.93386
21.89991 206.58831 -154.06424 3.30325 -0.01923 0.02186 -0.35668 0.93377
21.99991 207.68077 -155.06042 3.26628 -0.02024 0.02124 -0.35735 0.93351
22.09991 208.75047 -156.04426 3.23285 -0.01522 0.01867 -0.35812 0.93337
22.19991 209.81579 -157.03477 3.18224 -0.01498 0.01781 -0.35873 0.93315
22.29991 210.87303 -158.01304 3.14764 -0.01531 0.01696 -0.35909 0.93303
22.39991 211.93970 -158.99464 3.11216 -0.01836 0.01824 -0.35956 0.93276
22.49991 213.01509 -159.99819 3.09683 -0.01560 0.01810 -0.35998 0.93265
22.59991 214.07245 -160.99672 3.05397 -0.01609 0.01801 -0.36019 0.93257
22.69991 215.14102 -161.97001 2.99824 -0.02036 0.01851 -0.36085 0.93222
22.79991 216.18221 -162.93915 2.96498 -0.01988 0.01726 -0.36130 0.93208
22.89991 217.24072 -163.94161 2.93805 -0.01830 0.01597 -0.36148 0.93206
22.99991 218.30669 -164.94512 2.92668 -0.01594 0.01528 -0.36187 0.93197
23.09991 219.36625 -165.93334 2.90592 -0.01438 0.01495 -0.36209 0.93191
23.19990 220.43335 -166.95550 2.89871 -0.01371 0.01556 -0.36199 0.93195
23.29990 221.50360 -167.95109 2.87125 -0.01228 0.01483 -0.36184 0.93204
23.39990 222.57888 -168.93362 2.83609 -0.01843 0.01636 -0.36175 0.93195
23.49991 223.64344 -169.92525 2.80223 -0.01712 0.01537 -0.36163 0.93204
23.59991 224.69796 -170.92568 2.78638 -0.01578 0.01468 -0.36119 0.93224
23.69990 225.77380 -171.92113 2.76637 -0.01981 0.01622 -0.36099 0.93222
23.79990 226.84766 -172.91695 2.73995 -0.01916 0.01623 -0.36067 0.93235
23.89991 227.92380 -173.90932 2.70793 -0.01657 0.01502 -0.36067 0.93242
23.99991 228.98585 -174.90959 2.68137 -0.01352 0.01377 -0.36044 0.93258
24.09991 230.05558 -175.89809 2.65238 -0.01505 0.01494 -0.36038 0.93257
24.19991 231.11249 -176.88097 2.63506 -0.01396 0.01520 -0.36032 0.93260
24.29991 232.16765 -177.86569 2.61557 -0.01606 0.01683 -0.36041 0.93250
24.39991 233.25498 -178.87386 2.57751 -0.01633 0.01728 -0.36054 0.93244
24.49991 234.30910 -179.87199 2.54259 -0.01581 0.01626 -0.36012 0.93263
24.59990 235.38026 -180.86083 2.52591 -0.01206 0.01405 -0.35969 0.93289
24.69990 236.45917 -181.84906 2.49925 -0.01225 0.01426 -0.35924 0.93305
24.79991 237.52630 -182.84191 2.47259 -0.01313 0.01558 -0.35874 0.93322
24.89991 238.61378 -183.82590 2.44116 -0.01424 0.01666 -0.35864 0.93322
24.99991 239.68153 -184.81245 2.41044 -0.01155 0.01530 -0.35859 0.93330
25.09991 240.76196 -185.80547 2.37522 -0.00988 0.01414 -0.35868 0.93330
25.19991 241.83047 -186.79239 2.34146 -0.01050 0.01414 -0.35841 0.93340
25.29990 242.89273 -187.77058 2.27876 -0.00992 0.01293 -0.35831 0.93346
25.39990 243.96779 -188.76063 2.25499 -0.01086 0.01349 -0.35820 0.93348
25.49991 245.03124 -189.77165 2.24264 -0.01101 0.01453 -0.35780 0.93362
25.59990 246.10096 -190.72985 2.23066 -0.01221 0.01516 -0.35773 0.93362
25.69990 247.17709 -191.71363 2.20334 -0.01069 0.01375 -0.35767 0.93368
25.79990 248.24604 -192.69090 2.18096 -0.01128 0.01353 -0.35752 0.93374
25.89990 249.32655 -193.67518 2.12996 -0.00779 0.01293 -0.35753 0.93378
25.99991 250.38470 -194.67363 2.09981 -0.00837 0.01453 -0.35725 0.93386
26.09990 251.44773 -195.65274 2.08623 -0.00961 0.01517 -0.35686 0.93399
26.19990 252.52546 -196.63783 2.06466 -0.01173 0.01525 -0.35666 0.93404
26.29990 253.61454 -197.62791 2.03479 -0.01012 0.01424 -0.35664 0.93408
26.39991 254.67848 -198.61960 1.99278 -0.01045 0.01484 -0.35615 0.93425
26.49991 255.75682 -199.61391 1.94954 -0.01069 0.01542 -0.35593 0.93432
26.59991 256.83679 -200.56880 1.90616 -0.00848 0.01330 -0.35623 0.93426
26.69991 257.91861 -201.55913 1.88673 -0.01129 0.01332 -0.35620 0.93425
26.79991 258.98996 -202.53696 1.88528 -0.00846 0.01240 -0.35633 0.93424
26.89991 260.07539 -203.52185 1.87273 -0.00764 0.01321 -0.35656 0.93415
26.99991 261.16033 -204.51336 1.82715 -0.00893 0.01429 -0.35659 0.93411
27.09990 262.27167 -205.51093 1.81764 -0.00212 0.01082 -0.35671 0.93415
27.19990 263.35880 -206.52156 1.77146 -0.00297 0.00915 -0.35647 0.93426
27.29990 264.46679 -207.50866 1.75440 -0.01093 0.01097 -0.35654 0.93415
27.39991 265.56852 -208.51098 1.75021 -0.01539 0.01297 -0.35637 0.93413
27.49991 266.63382 -209.48861 1.75248 -0.01496 0.01370 -0.35613 0.93421
27.59990 267.74811 -210.49992 1.70065 -0.01347 0.01300 -0.35612 0.93425
27.69990 268.90121 -211.55307 1.64402 -0.00860 0.01141 -0.35610 0.93434
27.79990 270.05384 -212.61464 1.59841 -0.01556 0.01415 -0.35594 0.93427
27.89990 271.21784 -213.66562 1.55432 -0.01176 0.01323 -0.35603 0.93431
27.99990 272.40000 -214.71559 1.52434 -0.01063 0.01376 -0.35597 0.93434
28.09990 273.56256 -215.78695 1.49960 -0.01162 0.01428 -0.35586 0.93436
28.19990 274.73329 -216.86168 1.46299 -0.01053 0.01366 -0.35559 0.93448
28.29990 275.90870 -217.91088 1.42702 -0.01058 0.01277 -0.35550 0.93453
28.39990 277.09329 -218.98845 1.41975 -0.01280 0.01289 -0.35520 0.93461
28.49990 278.27028 -220.04957 1.38398 -0.00862 0.01232 -0.35513 0.93469
28.59990 279.44875 -221.12408 1.37529 -0.01013 0.01435 -0.35508 0.93467
28.69990 280.63342 -222.20045 1.35271 -0.01024 0.01365 -0.35498 0.93472
28.79990 281.81102 -223.28228 1.32252 -0.01318 0.01438 -0.35470 0.93478
28.89990 282.99834 -224.35777 1.26147 -0.00938 0.01296 -0.35499 0.93473
28.99991 284.21033 -225.44644 1.22303 -0.01196 0.01364 -0.35538 0.93455
29.09990 285.41067 -226.52032 1.19248 -0.01135 0.01322 -0.35586 0.93438
29.19990 286.59223 -227.59685 1.14711 -0.01102 0.01312 -0.35614 0.93427
29.29990 287.78397 -228.68293 1.11436 -0.00750 0.01159 -0.35650 0.93419
29.39990 288.96749 -229.76055 1.12321 -0.01263 0.01552 -0.35676 0.93398
29.49990 290.14940 -230.85081 1.07627 -0.00673 0.01328 -0.35711 0.93394
29.59990 291.33203 -231.94715 1.03930 -0.00242 0.01178 -0.35732 0.93391
29.69990 292.52865 -233.05383 0.98057 -0.00030 0.01225 -0.35750 0.93383
29.79990 293.71351 -234.13585 0.94526 -0.00276 0.01503 -0.35785 0.93365
29.89990 294.88083 -235.20470 0.89024 -0.00126 0.01371 -0.35825 0.93352
29.99990 296.07881 -236.29076 0.83709 -0.00884 0.01353 -0.35844 0.93341
30.09990 297.25057 -237.37651 0.83727 -0.00913 0.01158 -0.35827 0.93350
30.19989 298.43020 -238.46268 0.78478 -0.00655 0.01084 -0.35820 0.93356
30.29989 299.62505 -239.56083 0.76338 -0.00407 0.01231 -0.35814 0.93358
30.39989 300.82694 -240.65859 0.73848 -0.00579 0.01583 -0.35823 0.93348
30.49990 302.00556 -241.74014 0.71298 -0.00775 0.01710 -0.35813 0.93348
30.59989 303.20517 -242.82966 0.64858 -0.01309 0.01639 -0.35798 0.93349
30.69989 304.39006 -243.92306 0.61716 -0.00572 0.01162 -0.35812 0.93358
30.79990 305.56900 -245.00812 0.57890 -0.00905 0.01313 -0.35801 0.93358
30.89990 306.75282 -246.10067 0.54362 -0.00920 0.01305 -0.35794 0.93361
30.99991 307.96001 -247.21120 0.50289 -0.00821 0.01248 -0.35800 0.93360
31.09991 309.18312 -248.33942 0.47797 -0.00530 0.01089 -0.35792 0.93367
31.19990 310.40285 -249.48049 0.44656 -0.00802 0.01178 -0.35765 0.93375
31.29990 311.62834 -250.60203 0.41232 -0.00247 0.01040 -0.35776 0.93375
31.39990 312.85323 -251.72600 0.38966 -0.00575 0.01220 -0.35762 0.93377
31.49991 314.07390 -252.86641 0.35217 -0.01002 0.01264 -0.35722 0.93388
31.59990 315.30582 -253.99517 0.32419 -0.01418 0.01429 -0.35699 0.93389
31.69990 316.55299 -255.12290 0.28096 -0.01238 0.01479 -0.35709 0.93387
31.79990 317.81343 -256.25776 0.22803 -0.00524 0.01246 -0.35730 0.93389
31.89990 319.05073 -257.38771 0.20544 -0.00785 0.01314 -0.35735 0.93385
31.99991 320.28056 -258.52572 0.19703 -0.01137 0.01433 -0.35710 0.93389
32.09990 321.50739 -259.65708 0.18078 -0.00429 0.01285 -0.35706 0.93398
32.19990 322.73759 -260.79534 0.12899 -0.00354 0.01537 -0.35688 0.93402
32.29990 323.97734 -261.91637 0.07305 0.00298 0.01498 -0.35738 0.93384
32.39990 325.20966 -263.04146 0.03844 0.00025 0.01692 -0.35752 0.93375
32.49990 326.40964 -264.15622 0.01664 -0.00475 0.01869 -0.35759 0.93368
32.59990 327.60101 -265.25454 -0.02498 -0.00248 0.01678 -0.35779 0.93365
32.69989 328.77618 -266.33780 -0.07027 -0.00290 0.01636 -0.35802 0.93357
32.79989 329.94355 -267.41558 -0.16580 0.00395 0.01337 -0.35833 0.93349
32.89990 331.10519 -268.48055 -0.21909 0.00338 0.01403 -0.35863 0.93337
32.99990 332.25878 -269.53618 -0.19345 -0.00113 0.01801 -0.35882 0.93323
33.09990 333.39306 -270.56626 -0.21839 -0.00533 0.02125 -0.35905 0.93306
33.19989 334.49914 -271.59631 -0.26600 -0.00796 0.02154 -0.35913 0.93300
33.29989 335.59857 -272.61451 -0.28592 -0.01296 0.02209 -0.35898 0.93299
33.39989 336.67010 -273.60501 -0.33981 -0.00648 0.01793 -0.35908 0.93311
33.49990 337.73675 -274.56806 -0.34775 -0.00593 0.01761 -0.35909 0.93312
33.59989 338.78334 -275.55904 -0.39834 -0.00518 0.01734 -0.35871 0.93327
33.69989 339.82244 -276.51589 -0.44123 -0.00325 0.01667 -0.35868 0.93331
33.79989 340.85159 -277.46655 -0.48571 -0.00183 0.01524 -0.35867 0.93334
33.89989 341.86515 -278.39876 -0.52932 0.00246 0.01194 -0.35866 0.93339
33.99990 342.85156 -279.31925 -0.56666 -0.00019 0.01155 -0.35829 0.93354
34.09990 343.83311 -280.21801 -0.57285 -0.00162 0.01257 -0.35840 0.93348
34.19990 344.81395 -281.12645 -0.62081 -0.00060 0.01275 -0.35826 0.93353
34.29990 345.79071 -282.00925 -0.64923 -0.00165 0.01318 -0.35848 0.93344
34.39990 346.74541 -282.89511 -0.67182 -0.00031 0.01189 -0.35847 0.93346
34.49990 347.69771 -283.77038 -0.68131 -0.00218 0.01213 -0.35838 0.93349
34.59989 348.63185 -284.64513 -0.69988 -0.00178 0.01221 -0.35803 0.93363
34.69989 349.57325 -285.49888 -0.71859 0.00040 0.01100 -0.35791 0.93369
34.79989 350.51322 -286.36140 -0.72098 0.00186 0.01034 -0.35764 0.93380
34.89989 351.43818 -287.20889 -0.75734 0.00018 0.01100 -0.35743 0.93387
34.99990 352.36680 -288.06539 -0.76498 -0.00073 0.01136 -0.35725 0.93394
35.09989 353.27606 -288.90003 -0.77564 0.00128 0.01004 -0.35698 0.93406
35.19989 354.17818 -289.72108 -0.80491 0.00064 0.01045 -0.35684 0.93411
35.29989 355.09026 -290.54964 -0.83180 -0.00149 0.01130 -0.35668 0.93416
35.39990 356.00249 -291.37292 -0.84572 -0.00153 0.01056 -0.35669 0.93416
35.49990 356.91596 -292.19205 -0.86676 0.00024 0.00907 -0.35667 0.93419
35.59990 357.82513 -293.02187 -0.89023 -0.00142 0.00999 -0.35646 0.93426
35.69990 358.72776 -293.85479 -0.89424 0.00045 0.01027 -0.35629 0.93432
35.79990 359.62109 -294.68484 -0.92837 0.00141 0.01090 -0.35585 0.93448
35.89990 360.52521 -295.50230 -0.95543 0.00147 0.01206 -0.35587 0.93446
35.99991 361.43398 -296.32644 -0.98854 0.00181 0.01201 -0.35569 0.93452
36.09990 362.33953 -297.14301 -1.01913 0.00416 0.01106 -0.35564 0.93455
36.19990 363.23208 -297.95747 -1.05609 0.00209 0.01258 -0.35569 0.93452
36.29990 364.12465 -298.75554 -1.08300 0.00310 0.01233 -0.35581 0.93447
36.39990 365.00929 -299.56199 -1.07949 0.00387 0.01201 -0.35570 0.93452
36.49990 365.89885 -300.36676 -1.12401 0.00254 0.01257 -0.35579 0.93448
36.59989 366.76460 -301.16147 -1.14336 0.00156 0.01364 -0.35564 0.93452
36.69989 367.62478 -301.94490 -1.14405 0.00292 0.01465 -0.35559 0.93452
36.79990 368.49178 -302.73033 -1.18229 0.00290 0.01521 -0.35545 0.93457
36.89990 369.32075 -303.49598 -1.21389 0.00288 0.01504 -0.35527 0.93464
36.99990 370.15394 -304.23636 -1.24351 -0.00028 0.01525 -0.35555 0.93453
37.09990 370.98362 -304.98768 -1.28783 0.00008 0.01377 -0.35558 0.93454
37.19989 371.81441 -305.72727 -1.34349 0.00098 0.01122 -0.35573 0.93452
37.29990 372.63114 -306.47741 -1.34782 -0.00208 0.01069 -0.35562 0.93457
37.39990 373.43563 -307.22462 -1.36063 0.00011 0.00832 -0.35558 0.93461
37.49990 374.24963 -307.95997 -1.37878 0.00321 0.00566 -0.35564 0.93460
37.59990 375.05945 -308.68802 -1.38558 0.00144 0.00566 -0.35577 0.93456
37.69990 375.87665 -309.43395 -1.38215 0.00156 0.00594 -0.35575 0.93456
37.79990 376.68446 -310.16743 -1.39514 0.00697 0.00426 -0.35592 0.93448
37.89990 377.50694 -310.92323 -1.41360 0.00367 0.00580 -0.35588 0.93450
37.99990 378.33431 -311.65632 -1.42707 0.00099 0.00658 -0.35600 0.93446
38.09990 379.15249 -312.38820 -1.42444 -0.00081 0.00742 -0.35608 0.93442
38.19989 379.95574 -313.13187 -1.44300 0.00232 0.00702 -0.35612 0.93441
38.29990 380.77921 -313.87243 -1.46128 -0.00057 0.00877 -0.35609 0.93441
38.39990 381.60438 -314.61670 -1.48776 0.00082 0.00938 -0.35627 0.93434
38.49990 382.43097 -315.36903 -1.49713 0.00131 0.01056 -0.35627 0.93432
38.59990 383.25120 -316.12019 -1.51996 0.00380 0.00940 -0.35628 0.93432
38.69989 384.06201 -316.86439 -1.55680 -0.00118 0.00979 -0.35614 0.93438
38.79989 384.87078 -317.60627 -1.58605 -0.00430 0.00999 -0.35610 0.93439
38.89989 385.68013 -318.35235 -1.60656 0.00133 0.00763 -0.35605 0.93444
38.99990 386.48268 -319.08499 -1.60499 0.00183 0.00748 -0.35609 0.93442
39.09989 387.31424 -319.83563 -1.61996 0.00570 0.00565 -0.35627 0.93435
39.19989 388.12818 -320.57682 -1.64067 0.00240 0.00712 -0.35616 0.93439
39.29989 388.93913 -321.31713 -1.64825 0.00531 0.00719 -0.35613 0.93439
39.39989 389.75450 -322.07587 -1.66737 0.00611 0.00764 -0.35593 0.93446
39.49990 390.57064 -322.81745 -1.69831 0.00397 0.00871 -0.35583 0.93450
39.59989 391.38936 -323.55851 -1.73812 0.00523 0.00836 -0.35574 0.93453
39.69989 392.21041 -324.30988 -1.73501 0.00497 0.00874 -0.35557 0.93459
39.79990 393.04161 -325.05953 -1.76212 0.00446 0.00856 -0.35560 0.93459
39.89990 393.86547 -325.80627 -1.80310 0.00235 0.00915 -0.35556 0.93461
39.99990 394.70383 -326.55337 -1.83176 0.00538 0.00758 -0.35568 0.93456
40.09990 395.52975 -327.31344 -1.85690 0.00934 0.00538 -0.35571 0.93454
40.19990 396.34556 -328.05163 -1.88178 0.00779 0.00596 -0.35551 0.93462
40.29990 397.17999 -328.81083 -1.89599 0.00327 0.00830 -0.35537 0.93468
40.39990 397.96382 -329.50939 -1.90085 0.00429 0.00878 -0.35545 0.93465
40.49990 398.76680 -330.25684 -1.90758 0.00378 0.00923 -0.35524 0.93472
40.59990 399.60324 -331.00272 -1.93319 0.00382 0.00829 -0.35544 0.93465
40.69990 400.44339 -331.76651 -1.94019 0.00633 0.00681 -0.35551 0.93463
40.79990 401.27197 -332.51204 -1.97375 0.00237 0.00805 -0.35544 0.93466
40.89990 402.10924 -333.27137 -2.00715 0.00096 0.00832 -0.35548 0.93465
40.99990 402.95460 -334.02867 -2.01977 0.00028 0.00820 -0.35554 0.93463
41.09990 403.77357 -334.78984 -2.04400 0.00629 0.00509 -0.35542 0.93467
41.19990 404.60318 -335.55229 -2.07221 0.00726 0.00469 -0.35533 0.93470
41.29989 405.43594 -336.30009 -2.08607 0.00766 0.00543 -0.35537 0.93468
41.39990 406.26472 -337.04849 -2.10114 0.00689 0.00583 -0.35536 0.93469
41.49990 407.07928 -337.79675 -2.12939 0.00408 0.00651 -0.35530 0.93472
41.59990 407.91102 -338.54677 -2.14214 0.00873 0.00494 -0.35538 0.93467
41.69989 408.72390 -339.28709 -2.15350 0.00680 0.00585 -0.35531 0.93471
41.79989 409.56015 -340.04178 -2.16785 0.00406 0.00730 -0.35533 0.93470
41.89990 410.40216 -340.79590 -2.18175 0.00342 0.00823 -0.35543 0.93466
41.99990 411.23791 -341.56555 -2.20904 0.00293 0.00870 -0.35530 0.93471
42.09990 412.07058 -342.32916 -2.20106 0.00616 0.00819 -0.35519 0.93474
42.19989 412.90637 -343.08931 -2.21370 0.00711 0.00804 -0.35514 0.93475
42.29990 413.73024 -343.83729 -2.23757 0.00671 0.00832 -0.35503 0.93479
42.39990 414.55649 -344.58255 -2.27193 0.00864 0.00797 -0.35489 0.93483
42.49990 415.36764 -345.31526 -2.29447 0.00754 0.00957 -0.35472 0.93489
42.59990 416.18223 -346.05946 -2.31669 0.00765 0.01059 -0.35456 0.93494
42.69989 416.98586 -346.77749 -2.34596 0.00909 0.01042 -0.35452 0.93495
42.79989 417.79831 -347.51917 -2.36420 0.00964 0.00993 -0.35437 0.93500
42.89989 418.59756 -348.24449 -2.39933 0.00793 0.00954 -0.35416 0.93510
42.99990 419.40208 -348.96670 -2.42600 0.00731 0.00931 -0.35420 0.93509
43.09990 420.19507 -349.68182 -2.42409 0.00903 0.00918 -0.35415 0.93510
43.19989 420.97114 -350.37433 -2.45649 0.00689 0.00956 -0.35439 0.93502
43.29990 421.75992 -351.08703 -2.47743 0.00681 0.00877 -0.35453 0.93498
43.39989 422.54914 -351.80225 -2.47479 0.00841 0.00754 -0.35465 0.93493
43.49990 423.30910 -352.48870 -2.50375 0.00516 0.00821 -0.35469 0.93493
43.59989 424.08483 -353.17615 -2.53228 0.00420 0.00848 -0.35499 0.93482
43.69989 424.83738 -353.85236 -2.55787 0.00445 0.00808 -0.35505 0.93480
43.79989 425.58242 -354.52522 -2.55530 0.00241 0.00910 -0.35513 0.93477
43.89989 426.33938 -355.20697 -2.58436 0.00208 0.00906 -0.35524 0.93473
43.99989 427.07998 -355.89145 -2.59689 0.00095 0.00927 -0.35522 0.93474
44.09989 427.81282 -356.56406 -2.61170 0.00330 0.00820 -0.35532 0.93470
44.19989 428.55855 -357.23260 -2.62686 0.00262 0.00888 -0.35537 0.93468
44.29990 429.31248 -357.92691 -2.66683 0.00478 0.00715 -0.35533 0.93470
44.39989 430.07122 -358.60825 -2.66975 0.00253 0.00791 -0.35538 0.93469
44.49990 430.82621 -359.29169 -2.68474 0.00129 0.00863 -0.35542 0.93467
44.59990 431.57998 -359.97247 -2.69672 0.00064 0.00968 -0.35545 0.93464
44.69989 432.32577 -360.65656 -2.72544 0.00303 0.00869 -0.35541 0.93466
44.79990 433.06368 -361.32888 -2.73842 0.00549 0.00714 -0.35533 0.93470
44.89989 433.80520 -361.99716 -2.75661 0.00415 0.00732 -0.35533 0.93470
44.99990 434.56557 -362.69012 -2.77775 0.00672 0.00678 -0.35535 0.93468
45.09989 435.31290 -363.37298 -2.80751 0.00471 0.00814 -0.35524 0.93473
45.19989 436.06941 -364.06154 -2.81602 0.00432 0.00846 -0.35515 0.93476
45.29989 436.84149 -364.74952 -2.83094 0.00345 0.00915 -0.35517 0.93475
45.39989 437.59807 -365.43622 -2.85995 0.00480 0.00897 -0.35504 0.93479
45.49990 438.36091 -366.12100 -2.87902 0.00543 0.00882 -0.35504 0.93479
45.59989 439.12727 -366.81770 -2.90337 0.00566 0.00802 -0.35503 0.93480
45.69989 439.87452 -367.49530 -2.92162 0.00609 0.00782 -0.35503 0.93480
45.79989 440.63416 -368.18408 -2.94709 0.00630 0.00773 -0.35492 0.93484
45.89990 441.38351 -368.86528 -2.95639 0.00647 0.00756 -0.35478 0.93490
45.99990 442.13707 -369.54071 -2.97613 0.00688 0.00721 -0.35473 0.93492
46.09990 442.87982 -370.21149 -2.98703 0.00631 0.00788 -0.35458 0.93497
46.19989 443.63208 -370.89621 -3.02605 0.00266 0.00987 -0.35431 0.93507
46.29990 444.40508 -371.58129 -3.04365 0.00476 0.01021 -0.35444 0.93501
46.39989 445.17009 -372.26813 -3.06972 0.00317 0.01136 -0.35427 0.93507
46.49989 445.92723 -372.94347 -3.10131 0.00039 0.01251 -0.35415 0.93510
46.59989 446.70027 -373.64969 -3.11534 0.00556 0.01139 -0.35405 0.93514
46.69989 447.46720 -374.33269 -3.13805 0.00434 0.01265 -0.35398 0.93516
46.79989 448.24779 -375.02131 -3.16570 0.00472 0.01268 -0.35404 0.93513
46.89989 449.00936 -375.71301 -3.20223 0.00506 0.01248 -0.35392 0.93518
46.99989 449.77476 -376.41060 -3.22336 0.00361 0.01348 -0.35378 0.93522
47.09989 450.54729 -377.09825 -3.25664 0.00330 0.01352 -0.35392 0.93517
47.19989 451.30817 -377.79207 -3.28513 0.00352 0.01284 -0.35380 0.93523
47.29989 452.09149 -378.49057 -3.31740 0.00169 0.01308 -0.35391 0.93518
47.39989 452.87156 -379.17779 -3.34279 0.00023 0.01317 -0.35409 0.93512
47.49990 453.58219 -379.81980 -3.36461 -0.00086 0.01282 -0.35404 0.93514
47.59989 454.35745 -380.52912 -3.39096 -0.00016 0.01155 -0.35400 0.93517
47.69989 455.15011 -381.23735 -3.42018 0.00108 0.01005 -0.35405 0.93517
47.79989 455.93355 -381.94257 -3.44885 0.00154 0.00907 -0.35417 0.93513
47.89989 456.71552 -382.65951 -3.46977 0.00232 0.00818 -0.35410 0.93517
47.99990 457.51348 -383.37488 -3.48018 0.00001 0.00910 -0.35426 0.93510
48.09990 458.30561 -384.10201 -3.50334 0.00317 0.00805 -0.35418 0.93514
48.19989 459.10695 -384.82495 -3.51365 0.00579 0.00773 -0.35438 0.93505
48.29989 459.90809 -385.54673 -3.52989 0.00648 0.00846 -0.35433 0.93506
48.39989 460.72081 -386.28791 -3.58389 0.01018 0.00726 -0.35454 0.93496
48.49989 461.52333 -387.02110 -3.61284 0.00843 0.00782 -0.35449 0.93499
48.59989 462.34459 -387.75398 -3.64435 0.00674 0.00768 -0.35467 0.93494
48.69989 463.16512 -388.50454 -3.67076 0.00464 0.00800 -0.35471 0.93493
48.79989 464.00075 -389.25286 -3.68257 0.00802 0.00620 -0.35481 0.93488
48.89989 464.82983 -389.99917 -3.71250 0.00336 0.00650 -0.35510 0.93480
48.99990 465.67361 -390.76142 -3.73461 -0.00022 0.00663 -0.35521 0.93476
49.09989 466.51922 -391.52917 -3.76772 0.00183 0.00526 -0.35539 0.93470
49.19989 467.37830 -392.29781 -3.76408 0.00090 0.00696 -0.35564 0.93460
49.29990 468.24881 -393.06928 -3.76883 0.00355 0.00677 -0.35615 0.93440
49.39989 469.11644 -393.85976 -3.79871 0.00476 0.00545 -0.35645 0.93428
49.49990 469.99557 -394.65861 -3.83123 0.00472 0.00407 -0.35671 0.93420
49.59989 470.88919 -395.48974 -3.85908 0.00403 0.00340 -0.35669 0.93421
49.69989 471.79355 -396.31880 -3.85906 0.00430 0.00354 -0.35678 0.93417
49.79989 472.70424 -397.13987 -3.86522 0.00688 0.00323 -0.35706 0.93405
49.89989 473.60679 -397.96234 -3.92921 0.00574 0.00275 -0.35728 0.93398
49.99989 474.54759 -398.81714 -3.94531 0.00449 0.00314 -0.35725 0.93399
50.09988 475.49333 -399.68473 -3.96700 0.00311 0.00380 -0.35709 0.93406
50.19988 476.45649 -400.56547 -4.01136 -0.00002 0.00436 -0.35689 0.93413
50.29988 477.43631 -401.45315 -4.03791 0.00236 0.00179 -0.35682 0.93417
50.39988 478.43524 -402.36545 -4.07737 0.00312 -0.00062 -0.35673 0.93420
50.49989 479.45471 -403.29505 -4.07991 0.00148 -0.00076 -0.35654 0.93428
50.59988 480.49162 -404.23479 -4.08273 -0.00094 0.00050 -0.35647 0.93431
50.69988 481.54400 -405.19756 -4.10578 0.00222 -0.00085 -0.35644 0.93431
50.79988 482.62856 -406.16817 -4.13793 0.00084 -0.00120 -0.35662 0.93425
50.89989 483.71377 -407.16827 -4.15565 0.00344 -0.00330 -0.35650 0.93428
50.99989 484.82980 -408.19380 -4.14476 0.00618 -0.00357 -0.35647 0.93428
51.09989 485.97714 -409.23289 -4.18423 0.00744 -0.00430 -0.35675 0.93416
51.19988 487.13176 -410.29887 -4.22019 0.01027 -0.00846 -0.35681 0.93408
51.29988 488.30859 -411.36541 -4.24223 0.00420 -0.00845 -0.35700 0.93406
51.39989 489.50862 -412.46787 -4.18362 0.01048 -0.00855 -0.35709 0.93397
51.49989 490.72597 -413.59868 -4.14915 0.01043 -0.00403 -0.35696 0.93405
51.59989 491.97724 -414.73486 -4.20187 0.01144 -0.00222 -0.35695 0.93405
51.69988 493.26484 -415.88884 -4.29516 0.01275 -0.00310 -0.35717 0.93395
51.79988 494.56320 -417.06732 -4.38810 0.01351 -0.00650 -0.35726 0.93389
51.89988 495.86634 -418.26404 -4.41519 0.01419 -0.00906 -0.35712 0.93391
51.99989 497.16031 -419.45232 -4.39312 0.01930 -0.00983 -0.35676 0.93395
52.09988 498.51490 -420.71463 -4.40413 0.02445 -0.00930 -0.35612 0.93408
52.19988 499.90259 -421.98157 -4.42177 0.02380 -0.00724 -0.35563 0.93429
52.29988 501.30055 -423.25137 -4.47512 0.02962 -0.00918 -0.35517 0.93429
52.39988 502.73013 -424.54511 -4.50907 0.03666 -0.01272 -0.35472 0.93417
52.49989 504.15817 -425.84270 -4.54326 0.03226 -0.01052 -0.35420 0.93456
52.59989 505.63046 -427.14618 -4.58176 0.03123 -0.00896 -0.35398 0.93469
52.69989 507.10342 -428.47575 -4.63183 0.02581 -0.00661 -0.35368 0.93499
52.79989 508.60669 -429.82522 -4.67182 0.02576 -0.00644 -0.35341 0.93509
52.89989 510.11734 -431.16805 -4.69365 0.03150 -0.00674 -0.35343 0.93490
52.99989 511.62390 -432.50133 -4.74206 0.02967 -0.00298 -0.35357 0.93493
53.09989 513.14571 -433.86804 -4.79310 0.03209 -0.00111 -0.35345 0.93490
53.19989 514.64965 -435.23522 -4.82960 0.03530 -0.00115 -0.35330 0.93484
53.29989 516.17007 -436.60663 -4.88310 0.03058 0.00009 -0.35349 0.93494
53.39989 517.69249 -437.97806 -4.94730 0.03221 -0.00201 -0.35361 0.93484
53.49990 519.20883 -439.35595 -4.99590 0.03298 -0.00177 -0.35352 0.93484
53.59989 520.72184 -440.72432 -5.06157 0.03568 -0.00226 -0.35346 0.93477
53.69989 522.25868 -442.09252 -5.15189 0.03556 -0.00272 -0.35368 0.93469
53.79989 523.78821 -443.46955 -5.19875 0.04042 -0.00580 -0.35361 0.93450
53.89989 525.30316 -444.84480 -5.25597 0.03732 -0.00639 -0.35362 0.93462
53.99990 526.83890 -446.19707 -5.29023 0.03032 -0.00306 -0.35417 0.93468
54.09989 528.38044 -447.58361 -5.30321 0.02616 -0.00081 -0.35423 0.93479
54.19988 529.90957 -448.95418 -5.33142 0.03106 -0.00324 -0.35407 0.93470
54.29988 531.42974 -450.33281 -5.36512 0.03095 -0.00364 -0.35400 0.93473
54.39989 532.96509 -451.72185 -5.40741 0.03196 -0.00537 -0.35404 0.93467
54.49989 534.50460 -453.10221 -5.45010 0.03080 -0.00566 -0.35422 0.93464
54.59989 536.03253 -454.50055 -5.47652 0.02865 -0.00384 -0.35398 0.93481
54.69989 537.57803 -455.88948 -5.51677 0.02488 -0.00178 -0.35397 0.93492
54.79989 539.14292 -457.28670 -5.59757 0.02587 -0.00272 -0.35414 0.93483
54.89989 540.66434 -458.67425 -5.60553 0.02913 -0.00382 -0.35412 0.93474
54.99989 542.19396 -460.04604 -5.62713 0.02321 -0.00264 -0.35433 0.93483
55.09989 543.72219 -461.38663 -5.67709 0.02582 -0.00564 -0.35482 0.93456
55.19989 545.23581 -462.76970 -5.73371 0.03097 -0.00930 -0.35461 0.93446
55.29989 546.75499 -464.14906 -5.71567 0.03122 -0.00809 -0.35470 0.93443
55.39989 548.29510 -465.54378 -5.72613 0.02921 -0.00541 -0.35478 0.93448
55.49989 549.84773 -466.93921 -5.78687 0.02472 -0.00208 -0.35500 0.93454
55.59988 551.39611 -468.34922 -5.82719 0.02332 -0.00049 -0.35508 0.93454
55.69989 552.95505 -469.74776 -5.90633 0.02435 -0.00105 -0.35564 0.93431
55.79989 554.52517 -471.14199 -5.96106 0.02479 -0.00114 -0.35604 0.93414
55.89989 556.08197 -472.57586 -6.01145 0.02666 -0.00185 -0.35597 0.93411
55.99989 557.64754 -474.01574 -6.02883 0.02336 0.00018 -0.35594 0.93422
56.09989 559.22111 -475.43931 -6.09375 0.03555 -0.00633 -0.35613 0.93374
56.19989 560.79715 -476.87830 -6.10533 0.03297 -0.00569 -0.35601 0.93388
56.29989 562.36151 -478.31041 -6.14561 0.03647 -0.00609 -0.35597 0.93377
56.39989 563.96608 -479.73542 -6.19484 0.02998 -0.00273 -0.35623 0.93391
56.49990 565.52892 -481.16290 -6.21020 0.02634 -0.00197 -0.35583 0.93418
56.59989 567.11980 -482.57965 -6.19940 0.03820 -0.00620 -0.35581 0.93376
56.69989 568.70665 -484.00942 -6.22867 0.03253 -0.00345 -0.35575 0.93401
56.79989 570.30449 -485.45112 -6.28868 0.03557 -0.00249 -0.35543 0.93402
56.89988 571.87740 -486.90005 -6.39172 0.02975 0.00155 -0.35461 0.93454
56.99989 573.46061 -488.32902 -6.42858 0.03483 0.00146 -0.35436 0.93446
57.09988 575.02662 -489.74163 -6.43869 0.03322 0.00244 -0.35412 0.93461
57.19988 576.60073 -491.12680 -6.45965 0.03178 0.00349 -0.35457 0.93448
57.29989 578.14216 -492.52894 -6.49213 0.03112 0.00274 -0.35472 0.93445
57.39989 579.66086 -493.91118 -6.54839 0.03009 0.00326 -0.35487 0.93442
57.49989 581.14415 -495.28637 -6.58507 0.03269 0.00532 -0.35439 0.93451
57.59988 582.62778 -496.65331 -6.66133 0.03508 0.00748 -0.35371 0.93467
57.69988 584.07381 -498.00962 -6.65058 0.02965 0.01105 -0.35321 0.93501
57.79989 585.57537 -499.29001 -6.70395 0.03336 0.00693 -0.35475 0.93434
57.89989 587.07797 -500.55406 -6.74453 0.02671 0.00592 -0.35641 0.93393
57.99989 588.46692 -501.85132 -6.83351 0.02686 0.00387 -0.35531 0.93435
58.09988 589.88838 -503.14692 -6.91436 0.03562 0.00283 -0.35455 0.93435
58.19988 591.32495 -504.43277 -6.99150 0.03966 0.00414 -0.35428 0.93429
58.29988 592.80171 -505.71457 -6.99840 0.03975 0.00652 -0.35481 0.93407
58.39989 594.18941 -506.93757 -7.07353 0.02868 0.00840 -0.35544 0.93422
58.49989 595.54650 -508.15598 -7.14488 0.02757 0.00762 -0.35591 0.93408
58.59989 596.89172 -509.39331 -7.18509 0.03232 0.00756 -0.35571 0.93401
58.69988 598.26453 -510.62432 -7.23886 0.04045 0.00716 -0.35634 0.93345
58.79988 599.61735 -511.85261 -7.29157 0.03429 0.01204 -0.35640 0.93363
58.89988 600.98241 -513.06117 -7.31575 0.03854 0.01180 -0.35695 0.93325
58.99989 602.26923 -514.25404 -7.39090 0.03605 0.01035 -0.35693 0.93338
59.09988 603.51310 -515.46446 -7.45197 0.03282 0.00908 -0.35617 0.93380
59.19988 604.78678 -516.59694 -7.53550 0.03290 0.00754 -0.35729 0.93339
59.29988 606.05381 -517.72232 -7.58890 0.03202 0.00802 -0.35778 0.93322
59.39988 607.29375 -518.81575 -7.67027 0.03428 0.00754 -0.35862 0.93282
59.49988 608.54864 -519.90930 -7.70454 0.03240 0.01047 -0.35993 0.93236
59.59988 609.79983 -520.98016 -7.77728 0.03657 0.01033 -0.35996 0.93220
59.69987 611.04206 -522.00316 -7.79588 0.04010 0.01081 -0.36015 0.93197
59.79988 612.25481 -523.09043 -7.84280 0.04000 0.01088 -0.36091 0.93168
59.89988 613.38813 -524.18356 -7.90610 0.03589 0.00916 -0.36101 0.93183
59.99989 614.54287 -525.24181 -7.97431 0.03563 0.00838 -0.36102 0.93184
60.09988 615.66933 -526.35970 -8.04310 0.03635 0.00866 -0.35990 0.93224
60.19987 616.82988 -527.39995 -8.10269 0.03875 0.01057 -0.35844 0.93269
60.29986 618.00664 -528.40883 -8.15442 0.04246 0.01297 -0.35615 0.93337
60.39987 619.14382 -529.45198 -8.24242 0.03973 0.01198 -0.35309 0.93467
60.49988 620.26244 -530.44478 -8.30775 0.03256 0.00781 -0.34912 0.93648
60.59987 621.36074 -531.40990 -8.34441 0.02665 0.00576 -0.34616 0.93778
60.69987 622.50373 -532.33921 -8.37478 0.02602 0.00858 -0.34113 0.93962
60.79987 623.61773 -533.28849 -8.42348 0.02542 0.01266 -0.33627 0.94134
60.89988 624.76346 -534.17563 -8.47645 0.02514 0.01494 -0.33124 0.94309
60.99988 625.86055 -535.08437 -8.53825 0.02787 0.01568 -0.32423 0.94544
61.09987 626.97333 -535.95255 -8.60298 0.02898 0.01641 -0.31726 0.94775
61.19986 628.09772 -536.76237 -8.66173 0.02975 0.01561 -0.30953 0.95029
61.29987 629.22550 -537.58653 -8.69883 0.02813 0.01492 -0.30150 0.95293
61.39988 630.35492 -538.36469 -8.75375 0.02620 0.01620 -0.29291 0.95564
61.49989 631.48985 -539.12127 -8.82587 0.02473 0.01697 -0.28463 0.95817
61.59988 632.62201 -539.84167 -8.87195 0.02325 0.01761 -0.27557 0.96084
61.69988 633.77908 -540.53231 -8.93398 0.02465 0.01851 -0.26811 0.96289
61.79989 634.91713 -541.22166 -8.98931 0.02546 0.01879 -0.25880 0.96541
61.89989 636.05609 -541.90588 -9.04271 0.02571 0.01882 -0.24947 0.96786
61.99990 637.20038 -542.54875 -9.10381 0.02721 0.01848 -0.24105 0.96996
62.09989 638.34470 -543.13034 -9.15940 0.02667 0.01727 -0.23440 0.97162
62.19989 639.48865 -543.69231 -9.21182 0.02655 0.01581 -0.22664 0.97349
62.29990 640.64957 -544.25370 -9.26483 0.02730 0.01597 -0.21907 0.97520
62.39991 641.85438 -544.79697 -9.30842 0.02835 0.01809 -0.21451 0.97614
62.49991 643.06607 -545.31120 -9.35329 0.02813 0.02007 -0.21080 0.97692
62.59991 644.27417 -545.82235 -9.42036 0.02821 0.02010 -0.20936 0.97722
62.69991 645.46687 -546.34785 -9.48004 0.02903 0.01799 -0.20754 0.97763
62.79991 646.64683 -546.85746 -9.53326 0.03104 0.01461 -0.20559 0.97804
62.89990 647.85337 -547.35456 -9.58693 0.03285 0.01257 -0.20534 0.97806
62.99991 649.04052 -547.85756 -9.64813 0.03402 0.01179 -0.20489 0.97812
63.09990 650.23146 -548.36444 -9.68246 0.03559 0.01192 -0.20542 0.97795
63.19990 651.42859 -548.88535 -9.73078 0.03685 0.01206 -0.20434 0.97813
63.29990 652.64021 -549.42669 -9.78010 0.03894 0.01258 -0.20478 0.97795
63.39990 653.81413 -549.97377 -9.83857 0.04021 0.01281 -0.20353 0.97816
63.49990 654.98557 -550.55705 -9.88065 0.04081 0.01315 -0.20275 0.97829
63.59990 656.15247 -551.06898 -9.92781 0.04191 0.01332 -0.20351 0.97808
63.69989 657.32729 -551.58053 -9.96728 0.04212 0.01342 -0.20499 0.97777
63.79989 658.48842 -552.08033 -10.02206 0.04246 0.01337 -0.20644 0.97745
63.89989 659.63347 -552.59186 -10.06773 0.04218 0.01321 -0.20783 0.97717
63.99989 660.75785 -553.12095 -10.11929 0.04216 0.01203 -0.20894 0.97695
64.09989 661.86904 -553.59488 -10.14081 0.04300 0.01014 -0.21126 0.97643
64.19988 662.96282 -554.08212 -10.18825 0.04263 0.00802 -0.21300 0.97609
64.29989 664.05136 -554.54892 -10.18862 0.04304 0.00887 -0.21574 0.97546
64.39989 665.12965 -555.04952 -10.22234 0.04468 0.01175 -0.21725 0.97502
64.49990 666.19518 -555.54041 -10.25946 0.04446 0.01310 -0.22063 0.97426
64.59990 667.25416 -556.06139 -10.32921 0.04473 0.01188 -0.22480 0.97331
64.69989 668.29959 -556.60964 -10.37457 0.04458 0.01074 -0.22845 0.97248
64.79989 669.36643 -557.14013 -10.39481 0.04400 0.01117 -0.23231 0.97158
64.89989 670.38968 -557.70194 -10.48166 0.04424 0.00943 -0.23533 0.97086
64.99989 671.40443 -558.25753 -10.51405 0.04433 0.00838 -0.23898 0.96998
65.09989 672.40087 -558.81746 -10.55528 0.04502 0.00919 -0.24191 0.96921
65.19988 673.45778 -559.39164 -10.59030 0.04580 0.01216 -0.24556 0.96822
65.29988 674.48568 -559.92836 -10.65101 0.04677 0.01256 -0.24969 0.96711
65.39988 675.50860 -560.52391 -10.67260 0.04639 0.01216 -0.25251 0.96641
65.49989 676.52306 -561.06473 -10.76138 0.04719 0.01039 -0.25604 0.96546
65.59989 677.51097 -561.67604 -10.82663 0.04721 0.00856 -0.25968 0.96450
65.69989 678.48739 -562.25196 -10.85981 0.04708 0.00796 -0.26377 0.96340
