0.10000 0.00000 0.00000 0.00000 0.00000 0.00000 0.00000 1.00000
0.20000 0.33978 -0.05463 0.00827 -0.00266 0.00200 0.00058 0.99999
0.30000 0.59002 -0.05618 0.01341 -0.00182 0.00133 -0.00033 1.00000
0.40000 0.85796 -0.04258 0.00949 -0.00044 0.00114 -0.00121 1.00000
0.50000 1.13284 -0.06258 -0.00204 -0.00040 0.00091 -0.00171 1.00000
0.60000 1.43143 -0.07330 -0.00029 -0.00039 0.00157 -0.00226 1.00000
0.70000 1.74265 -0.09710 -0.02264 -0.00018 0.00162 -0.00260 1.00000
0.80001 2.07257 -0.09336 -0.00136 0.00119 0.00266 -0.00327 0.99999
0.90001 2.41683 -0.09854 -0.01795 0.00016 0.00368 -0.00389 0.99999
1.00001 2.77325 -0.11070 -0.03563 -0.00000 0.00373 -0.00448 0.99998
1.10000 3.13738 -0.10759 -0.03112 -0.00010 0.00371 -0.00500 0.99998
1.20001 3.51267 -0.11203 -0.03969 0.00089 0.00330 -0.00585 0.99998
1.30001 3.88833 -0.12485 -0.04836 0.00168 0.00332 -0.00640 0.99997
1.40001 4.28312 -0.14243 -0.07939 0.00206 0.00302 -0.00718 0.99997
1.50000 4.67481 -0.17025 -0.07151 0.00240 0.00325 -0.00754 0.99996
1.60000 5.08007 -0.19050 -0.08196 0.00199 0.00313 -0.00818 0.99996
1.70001 5.49262 -0.17745 -0.08266 0.00288 0.00270 -0.00921 0.99995
1.80001 5.92895 -0.18239 -0.08450 0.00297 0.00320 -0.00990 0.99994
1.90000 6.35916 -0.20564 -0.09418 0.00343 0.00354 -0.01011 0.99994
2.00001 6.80136 -0.22050 -0.09684 0.00443 0.00356 -0.01074 0.99993
2.10001 7.24217 -0.23746 -0.11001 0.00473 0.00384 -0.01127 0.99992
2.20001 7.71511 -0.26929 -0.11975 0.00477 0.00386 -0.01215 0.99991
2.30002 8.18192 -0.28778 -0.12830 0.00491 0.00345 -0.01336 0.99989
2.40001 8.65556 -0.31920 -0.12888 0.00520 0.00322 -0.01464 0.99987
2.50001 9.13538 -0.34501 -0.13520 0.00524 0.00358 -0.01639 0.99985
2.60001 9.62322 -0.38731 -0.15157 0.00580 0.00315 -0.01840 0.99981
2.70001 10.11552 -0.40027 -0.16315 0.00424 0.00294 -0.02088 0.99977
2.80002 10.60434 -0.43447 -0.16411 0.00322 0.00278 -0.02361 0.99971
2.90001 11.10006 -0.46396 -0.16886 0.00241 0.00255 -0.02673 0.99964
3.00001 11.60452 -0.50495 -0.17387 0.00231 0.00237 -0.03050 0.99953
3.10001 12.10778 -0.53779 -0.17380 0.00395 0.00184 -0.03461 0.99939
3.20002 12.63094 -0.58719 -0.18206 0.00421 0.00204 -0.03915 0.99922
3.30002 13.14828 -0.65540 -0.18433 0.00323 0.00264 -0.04380 0.99903
3.40001 13.66436 -0.72391 -0.19421 0.00134 0.00357 -0.04873 0.99880
3.50001 14.19363 -0.78990 -0.19238 0.00128 0.00441 -0.05401 0.99853
3.60001 14.71571 -0.85156 -0.19580 0.00098 0.00583 -0.05987 0.99819
3.70001 15.24735 -0.94274 -0.21207 0.00101 0.00612 -0.06588 0.99781
3.80001 15.79740 -1.03667 -0.24677 0.00159 0.00580 -0.07224 0.99737
3.90000 16.33369 -1.14596 -0.25736 0.00066 0.00569 -0.07830 0.99691
4.00000 16.87948 -1.24264 -0.25431 0.00290 0.00501 -0.08469 0.99639
4.10000 17.44331 -1.36517 -0.27210 0.00167 0.00567 -0.09099 0.99583
4.20001 17.99600 -1.49053 -0.27071 0.00203 0.00651 -0.09746 0.99522
4.30001 18.56159 -1.63012 -0.28455 -0.00012 0.00842 -0.10372 0.99457
4.40000 19.14215 -1.78312 -0.31459 -0.00234 0.01013 -0.11012 0.99386
4.50000 19.73056 -1.92445 -0.34369 -0.00467 0.01139 -0.11702 0.99305
4.60000 20.31812 -2.11511 -0.36493 -0.00364 0.01156 -0.12312 0.99232
4.70000 20.92065 -2.28773 -0.39150 0.00001 0.01047 -0.13027 0.99142
4.80000 21.51997 -2.46458 -0.41018 -0.00376 0.01127 -0.13716 0.99048
4.90000 22.12812 -2.65520 -0.43587 -0.00604 0.01126 -0.14404 0.98949
4.99999 22.73339 -2.86252 -0.44289 -0.00881 0.01219 -0.15038 0.98851
5.09999 23.34474 -3.07006 -0.43465 -0.00695 0.01343 -0.15665 0.98754
5.19999 23.98357 -3.30146 -0.47000 -0.01064 0.01565 -0.16272 0.98649
5.29999 24.62022 -3.54362 -0.50802 -0.01129 0.01594 -0.16866 0.98548
5.39999 25.25765 -3.78717 -0.53720 -0.01355 0.01686 -0.17416 0.98448
5.50000 25.89911 -4.05015 -0.57809 -0.01421 0.01706 -0.17999 0.98342
5.60000 26.54653 -4.31468 -0.62033 -0.01455 0.01528 -0.18562 0.98239
5.70000 27.17339 -4.59105 -0.65753 -0.01344 0.01251 -0.19081 0.98145
5.80000 27.80831 -4.87039 -0.67316 -0.01541 0.01072 -0.19582 0.98046
5.90000 28.45390 -5.16053 -0.68493 -0.01808 0.00944 -0.19974 0.97964
5.99999 29.08856 -5.46513 -0.65810 -0.01891 0.01086 -0.20297 0.97894
6.09998 29.75553 -5.77809 -0.63614 -0.01656 0.01360 -0.20566 0.97839
6.19998 30.41442 -6.09198 -0.67369 -0.01459 0.01513 -0.20764 0.97798
6.29999 31.08005 -6.40898 -0.71243 -0.01681 0.01654 -0.20922 0.97758
6.39999 31.74479 -6.72388 -0.75117 -0.01478 0.01530 -0.21081 0.97730
6.49999 32.40058 -7.03361 -0.77089 -0.01832 0.01535 -0.21192 0.97700
6.59999 33.07255 -7.34517 -0.79737 -0.01937 0.01555 -0.21348 0.97663
6.69999 33.74763 -7.67217 -0.80824 -0.02043 0.01688 -0.21468 0.97632
6.79999 34.42558 -7.99963 -0.83565 -0.02141 0.01684 -0.21572 0.97608
6.89999 35.09696 -8.34708 -0.88573 -0.02242 0.01528 -0.21643 0.97592
6.99999 35.77416 -8.67803 -0.88681 -0.02122 0.01415 -0.21722 0.97579
7.09998 36.47002 -8.99138 -0.89621 -0.02417 0.01492 -0.21820 0.97549
7.19998 37.16824 -9.33133 -0.90899 -0.02010 0.01538 -0.21884 0.97543
7.29999 37.84948 -9.66337 -0.93631 -0.02160 0.01690 -0.21920 0.97529
7.39999 38.53574 -10.00578 -0.96396 -0.01976 0.01671 -0.21919 0.97534
7.49999 39.22132 -10.34251 -0.98841 -0.01666 0.01561 -0.21935 0.97538
7.59999 39.91504 -10.67367 -1.01320 -0.01840 0.01583 -0.21953 0.97530
7.70000 40.60785 -11.01897 -1.02695 -0.01680 0.01596 -0.21965 0.97530
7.80000 41.32445 -11.36733 -1.04681 -0.01500 0.01640 -0.21969 0.97532
7.90000 42.04133 -11.71310 -1.09207 -0.01894 0.01757 -0.21975 0.97521
8.00000 42.75369 -12.05801 -1.14229 -0.01767 0.01674 -0.21971 0.97526
8.10000 43.47192 -12.42001 -1.18651 -0.01826 0.01581 -0.21931 0.97536
8.20000 44.20531 -12.77873 -1.19264 -0.01788 0.01544 -0.21929 0.97537
8.30000 44.94120 -13.13690 -1.21619 -0.01920 0.01540 -0.21900 0.97541
8.40000 45.68068 -13.48935 -1.22725 -0.02208 0.01629 -0.21873 0.97540
8.49999 46.43120 -13.85363 -1.26064 -0.02119 0.01582 -0.21861 0.97545
8.59999 47.18031 -14.21887 -1.29625 -0.01779 0.01429 -0.21829 0.97562
8.70000 47.93071 -14.57735 -1.31313 -0.01602 0.01345 -0.21801 0.97572
8.80000 48.67782 -14.95103 -1.31964 -0.01854 0.01361 -0.21748 0.97579
8.90000 49.44129 -15.31234 -1.32190 -0.02162 0.01447 -0.21698 0.97583
9.00000 50.20741 -15.67574 -1.34403 -0.02103 0.01481 -0.21672 0.97590
9.10000 50.98212 -16.04916 -1.36626 -0.01835 0.01490 -0.21650 0.97600
9.20000 51.76391 -16.41990 -1.39058 -0.02121 0.01671 -0.21604 0.97601
9.30000 52.53104 -16.79417 -1.42282 -0.02077 0.01781 -0.21550 0.97612
9.40000 53.31247 -17.16656 -1.43527 -0.01766 0.01813 -0.21520 0.97624
9.50000 54.10594 -17.54102 -1.48434 -0.01995 0.01882 -0.21502 0.97622
9.60000 54.89422 -17.90484 -1.50024 -0.01973 0.01958 -0.21483 0.97626
9.70000 55.66279 -18.28382 -1.54119 -0.01251 0.01799 -0.21466 0.97644
9.80001 56.45099 -18.64907 -1.56163 -0.01648 0.01942 -0.21434 0.97643
9.90000 57.24344 -19.02795 -1.59756 -0.01609 0.01932 -0.21392 0.97653
10.00000 58.02723 -19.39435 -1.64028 -0.01738 0.01924 -0.21356 0.97659
10.10000 58.81482 -19.77120 -1.66409 -0.01411 0.01831 -0.21328 0.97672
10.20000 59.59703 -20.13319 -1.69127 -0.01561 0.01841 -0.21300 0.97675
10.30001 60.37389 -20.50150 -1.72940 -0.01506 0.01829 -0.21274 0.97682
10.40001 61.15959 -20.86844 -1.75695 -0.01310 0.01790 -0.21270 0.97687
10.50000 61.94104 -21.25131 -1.79445 -0.01268 0.01800 -0.21235 0.97695
10.60000 62.73341 -21.61771 -1.80137 -0.01306 0.01960 -0.21233 0.97691
10.70000 63.53721 -21.97860 -1.83315 -0.01030 0.02089 -0.21291 0.97679
10.80001 64.32349 -22.36229 -1.87993 -0.00864 0.02168 -0.21323 0.97672
10.90001 65.10091 -22.74172 -1.94427 -0.00721 0.02087 -0.21342 0.97671
11.00000 65.88847 -23.10499 -1.99278 -0.01010 0.01994 -0.21372 0.97664
11.10000 66.68546 -23.48267 -2.02530 -0.01112 0.01893 -0.21382 0.97663
11.20000 67.48349 -23.85665 -2.05457 -0.01183 0.01856 -0.21404 0.97658
11.30000 68.28909 -24.23635 -2.08326 -0.01509 0.01950 -0.21416 0.97649
11.40000 69.10434 -24.60894 -2.10622 -0.01633 0.01964 -0.21455 0.97638
11.50000 69.90929 -24.99543 -2.15092 -0.01865 0.01950 -0.21458 0.97633
11.60000 70.71617 -25.37726 -2.18966 -0.01579 0.01838 -0.21478 0.97636
11.70000 71.52209 -25.76326 -2.20559 -0.01514 0.01928 -0.21493 0.97632
11.80000 72.34319 -26.15975 -2.22118 -0.01607 0.02110 -0.21502 0.97625
11.90000 73.16575 -26.55506 -2.26398 -0.01584 0.02218 -0.21492 0.97625
11.99999 73.99085 -26.94955 -2.30926 -0.01678 0.02326 -0.21480 0.97624
12.09999 74.81827 -27.34098 -2.35721 -0.01404 0.02294 -0.21474 0.97630
12.20000 75.66749 -27.74300 -2.39884 -0.01371 0.02314 -0.21483 0.97628
12.30000 76.50322 -28.13450 -2.44489 -0.01499 0.02309 -0.21472 0.97629
12.40000 77.35558 -28.53724 -2.50030 -0.01643 0.02207 -0.21463 0.97631
12.49999 78.20033 -28.93465 -2.54115 -0.01628 0.02086 -0.21461 0.97634
12.59999 79.04670 -29.32833 -2.56347 -0.01508 0.02028 -0.21477 0.97634
12.70000 79.89944 -29.72522 -2.59115 -0.01755 0.02177 -0.21492 0.97623
12.80000 80.75021 -30.13801 -2.63501 -0.01489 0.02152 -0.21500 0.97626
12.89999 81.60108 -30.55230 -2.68537 -0.01541 0.02118 -0.21509 0.97624
13.00000 82.45346 -30.94737 -2.72281 -0.01574 0.02074 -0.21558 0.97614
13.09999 83.32521 -31.35811 -2.74475 -0.01756 0.02157 -0.21592 0.97601
13.20000 84.18651 -31.77162 -2.77621 -0.01805 0.02269 -0.21611 0.97594
13.30000 85.04398 -32.18234 -2.80283 -0.01668 0.02355 -0.21657 0.97584
13.39999 85.91213 -32.61431 -2.85808 -0.01274 0.02334 -0.21683 0.97585
13.49999 86.79187 -33.03466 -2.90474 -0.01265 0.02424 -0.21719 0.97575
13.59999 87.67438 -33.44119 -2.93922 -0.01606 0.02611 -0.21761 0.97555
13.69999 88.54764 -33.88044 -3.00467 -0.01512 0.02582 -0.21764 0.97557
13.80000 89.43122 -34.30206 -3.05670 -0.01454 0.02527 -0.21782 0.97555
13.90000 90.30584 -34.73324 -3.10707 -0.01635 0.02543 -0.21789 0.97551
13.99999 91.20310 -35.15454 -3.15698 -0.01706 0.02585 -0.21828 0.97539
14.09999 92.10183 -35.58477 -3.20897 -0.02048 0.02675 -0.21850 0.97525
14.19999 92.98595 -36.02462 -3.27186 -0.02060 0.02544 -0.21856 0.97527
14.29999 93.88535 -36.45528 -3.31142 -0.01915 0.02382 -0.21873 0.97531
14.39999 94.78216 -36.89379 -3.35177 -0.01748 0.02282 -0.21893 0.97532
14.49999 95.69357 -37.33163 -3.37718 -0.01784 0.02414 -0.21909 0.97524
14.59999 96.61074 -37.77090 -3.41251 -0.01870 0.02578 -0.21932 0.97513
14.70000 97.52437 -38.21655 -3.47628 -0.01531 0.02540 -0.21942 0.97518
14.80000 98.45162 -38.67495 -3.54022 -0.01805 0.02551 -0.21938 0.97514
14.89999 99.35794 -39.11064 -3.59509 -0.02191 0.02536 -0.21914 0.97512
14.99999 100.26346 -39.57080 -3.64127 -0.01705 0.02270 -0.21889 0.97534
15.09999 101.18539 -40.00910 -3.68999 -0.01616 0.02143 -0.21888 0.97538
15.20000 102.10205 -40.45395 -3.70894 -0.01726 0.02210 -0.21864 0.97540
15.29999 103.02117 -40.90357 -3.76118 -0.01719 0.02289 -0.21857 0.97540
15.39999 103.95145 -41.35518 -3.81489 -0.01516 0.02263 -0.21854 0.97545
15.49998 104.89292 -41.80225 -3.86135 -0.01615 0.02228 -0.21831 0.97549
15.59998 105.81969 -42.25744 -3.89928 -0.01699 0.02198 -0.21790 0.97558
15.69999 106.74531 -42.70926 -3.92592 -0.01607 0.02199 -0.21750 0.97568
15.79999 107.69418 -43.16236 -3.96322 -0.01460 0.02204 -0.21727 0.97575
15.89999 108.62652 -43.61772 -4.01459 -0.01673 0.02266 -0.21666 0.97584
15.99999 109.55680 -44.05809 -4.04195 -0.01755 0.02362 -0.21627 0.97589
16.09999 110.50984 -44.51307 -4.08971 -0.01577 0.02405 -0.21598 0.97597
16.19999 111.45246 -44.95877 -4.15016 -0.01452 0.02451 -0.21577 0.97603
16.29999 112.40169 -45.41803 -4.20244 -0.01452 0.02529 -0.21547 0.97607
16.39999 113.36747 -45.87695 -4.24753 -0.01587 0.02607 -0.21517 0.97610
16.49999 114.32803 -46.33834 -4.30031 -0.01315 0.02579 -0.21514 0.97615
16.59999 115.28295 -46.78933 -4.35579 -0.01275 0.02641 -0.21529 0.97611
16.70000 116.25498 -47.25586 -4.42226 -0.00999 0.02589 -0.21534 0.97614
16.80000 117.21617 -47.71501 -4.49064 -0.00995 0.02532 -0.21538 0.97615
16.90000 118.18180 -48.17122 -4.54398 -0.01245 0.02538 -0.21549 0.97610
16.99999 119.14317 -48.62896 -4.58349 -0.01483 0.02604 -0.21550 0.97604
17.09999 120.11858 -49.08891 -4.63219 -0.01261 0.02563 -0.21581 0.97602
17.19999 121.10354 -49.56082 -4.70030 -0.01219 0.02510 -0.21593 0.97601
17.29999 122.07364 -50.03107 -4.75704 -0.01206 0.02476 -0.21590 0.97603
17.39999 123.04766 -50.49270 -4.79287 -0.01215 0.02516 -0.21615 0.97596
17.49999 124.03745 -50.96645 -4.83579 -0.00987 0.02536 -0.21645 0.97591
17.59999 125.02003 -51.43799 -4.89535 -0.01024 0.02576 -0.21657 0.97587
17.69999 126.00787 -51.92309 -4.96561 -0.01187 0.02569 -0.21655 0.97586
17.79999 126.99006 -52.39790 -5.01270 -0.01024 0.02492 -0.21650 0.97591
17.89999 127.98792 -52.86722 -5.06193 -0.01123 0.02537 -0.21663 0.97586
17.99999 128.97234 -53.33453 -5.11756 -0.00777 0.02528 -0.21672 0.97588
18.09999 129.96959 -53.80744 -5.16451 -0.00970 0.02639 -0.21670 0.97583
18.19999 130.96381 -54.29141 -5.22826 -0.00893 0.02583 -0.21651 0.97590
18.30000 131.94788 -54.76898 -5.29357 -0.00934 0.02488 -0.21648 0.97593
18.39999 132.93504 -55.24163 -5.36380 -0.00782 0.02355 -0.21665 0.97593
18.49999 133.92783 -55.70660 -5.40021 -0.01110 0.02429 -0.21677 0.97586
18.59999 134.93548 -56.19796 -5.44387 -0.01254 0.02499 -0.21674 0.97583
18.69999 135.94039 -56.66635 -5.50849 -0.01246 0.02473 -0.21722 0.97573
18.79999 136.93702 -57.15243 -5.57126 -0.00944 0.02324 -0.21739 0.97576
18.89999 137.94112 -57.63552 -5.62631 -0.01054 0.02248 -0.21747 0.97575
18.99998 138.94645 -58.10166 -5.65629 -0.01385 0.02379 -0.21771 0.97563
19.09998 139.95353 -58.59301 -5.69235 -0.01522 0.02552 -0.21761 0.97558
19.19999 140.95860 -59.07616 -5.76078 -0.01333 0.02551 -0.21779 0.97557
19.29999 141.96348 -59.55538 -5.81638 -0.01669 0.02499 -0.21793 0.97550
19.39999 142.96788 -60.02968 -5.88440 -0.01736 0.02299 -0.21825 0.97547
19.49998 143.96920 -60.52051 -5.93113 -0.01526 0.02168 -0.21827 0.97553
19.59999 144.97469 -61.00199 -5.95553 -0.01633 0.02277 -0.21846 0.97544
19.69999 145.98813 -61.49421 -5.99414 -0.01177 0.02230 -0.21877 0.97545
19.79998 146.99543 -62.00225 -6.05201 -0.01093 0.02169 -0.21871 0.97549
19.89999 148.00756 -62.48370 -6.10315 -0.01292 0.02209 -0.21889 0.97541
19.99999 149.00918 -62.96927 -6.13958 -0.01329 0.02337 -0.21908 0.97534
20.09999 150.02242 -63.45046 -6.17897 -0.01389 0.02432 -0.21925 0.97527
20.19999 151.03616 -63.93988 -6.25835 -0.01305 0.02305 -0.21939 0.97528
20.29999 152.03695 -64.43685 -6.30926 -0.01233 0.02153 -0.21930 0.97534
20.39999 153.04670 -64.94436 -6.34727 -0.01470 0.02161 -0.21866 0.97545
20.49998 154.05891 -65.43197 -6.38385 -0.01609 0.02244 -0.21855 0.97543
20.59998 155.07770 -65.92478 -6.42120 -0.01203 0.02224 -0.21851 0.97551
20.69999 156.09572 -66.40698 -6.45700 -0.01473 0.02337 -0.21845 0.97546
20.79999 157.11992 -66.89743 -6.50562 -0.01372 0.02418 -0.21819 0.97551
20.89999 158.12733 -67.38585 -6.56357 -0.01643 0.02599 -0.21771 0.97553
20.99998 159.14390 -67.88372 -6.62364 -0.01457 0.02624 -0.21741 0.97562
21.09999 160.16482 -68.37232 -6.67219 -0.01082 0.02573 -0.21729 0.97571
21.19999 161.18500 -68.85673 -6.72928 -0.01010 0.02550 -0.21703 0.97578
21.29999 162.20939 -69.35569 -6.76909 -0.01457 0.02620 -0.21655 0.97581
21.39999 163.23963 -69.84201 -6.83344 -0.01280 0.02517 -0.21643 0.97589
21.49999 164.26963 -70.34237 -6.91253 -0.01256 0.02434 -0.21619 0.97597
21.59998 165.28801 -70.82114 -6.96599 -0.01269 0.02420 -0.21609 0.97599
21.69999 166.31375 -71.31262 -7.00039 -0.01010 0.02500 -0.21596 0.97603
21.79999 167.35017 -71.80965 -7.06035 -0.01201 0.02671 -0.21577 0.97601
21.89999 168.38462 -72.29208 -7.11589 -0.01156 0.02662 -0.21584 0.97600
21.99999 169.41397 -72.78094 -7.18528 -0.01405 0.02640 -0.21598 0.97594
22.09999 170.45128 -73.27280 -7.24625 -0.01332 0.02644 -0.21617 0.97591
22.19999 171.49073 -73.77256 -7.31364 -0.01132 0.02626 -0.21628 0.97591
22.29999 172.51538 -74.26475 -7.38248 -0.00988 0.02594 -0.21646 0.97590
22.39999 173.55588 -74.76070 -7.42458 -0.01143 0.02731 -0.21678 0.97577
22.49999 174.59476 -75.26628 -7.49013 -0.01240 0.02860 -0.21732 0.97560
22.59998 175.64378 -75.75850 -7.52838 -0.01000 0.02901 -0.21824 0.97541
22.69998 176.68650 -76.27676 -7.62306 -0.00954 0.02801 -0.21870 0.97534
22.79999 177.71839 -76.78050 -7.69256 -0.00844 0.02612 -0.21910 0.97532
22.89999 178.74653 -77.28780 -7.74965 -0.00824 0.02456 -0.21919 0.97534
22.99998 179.78008 -77.79018 -7.79266 -0.00821 0.02435 -0.21920 0.97534
23.09999 180.81431 -78.29293 -7.84217 -0.00855 0.02583 -0.21914 0.97531
23.19999 181.85895 -78.80284 -7.88206 -0.00804 0.02763 -0.21906 0.97529
23.29999 182.90125 -79.30979 -7.94710 -0.00558 0.02853 -0.21897 0.97530
23.39999 183.94299 -79.81425 -8.03007 -0.00613 0.03037 -0.21883 0.97527
23.49999 184.98695 -80.32454 -8.10625 -0.00704 0.03239 -0.21872 0.97522
23.59999 186.04228 -80.83367 -8.20114 -0.00102 0.03067 -0.21880 0.97529
23.69999 187.08571 -81.34549 -8.28725 -0.00360 0.02857 -0.21846 0.97542
23.79999 188.12032 -81.84924 -8.33464 -0.00281 0.02523 -0.21821 0.97557
23.89999 189.17215 -82.34760 -8.38504 -0.00589 0.02521 -0.21812 0.97558
23.99998 190.23704 -82.86681 -8.42485 -0.00717 0.02715 -0.21784 0.97558
24.09998 191.29714 -83.37613 -8.50434 -0.00401 0.02748 -0.21784 0.97559
24.19998 192.35562 -83.88719 -8.57176 -0.00523 0.02745 -0.21768 0.97562
24.29998 193.41495 -84.38980 -8.63923 -0.00548 0.02638 -0.21772 0.97564
24.39999 194.46958 -84.88821 -8.70808 -0.00660 0.02600 -0.21776 0.97563
24.49999 195.54022 -85.40768 -8.77109 -0.00394 0.02546 -0.21751 0.97572
24.59999 196.59738 -85.91634 -8.83374 -0.00393 0.02544 -0.21737 0.97575
24.69999 197.67168 -86.42606 -8.88809 -0.00603 0.02537 -0.21728 0.97576
24.79999 198.73689 -86.94606 -8.95267 -0.00419 0.02352 -0.21729 0.97581
24.89999 199.79869 -87.45556 -9.02055 -0.00366 0.02214 -0.21738 0.97583
24.99998 200.87988 -87.96048 -9.05614 -0.00810 0.02329 -0.21749 0.97575
25.09998 201.95876 -88.47897 -9.10863 -0.01063 0.02480 -0.21742 0.97570
25.19999 203.01961 -88.99294 -9.17357 -0.01106 0.02543 -0.21740 0.97569
25.29998 204.09519 -89.51163 -9.24083 -0.01045 0.02535 -0.21742 0.97569
25.39998 205.16014 -90.03607 -9.28969 -0.00811 0.02515 -0.21743 0.97572
25.49998 206.23864 -90.54377 -9.33561 -0.00838 0.02542 -0.21751 0.97569
25.59998 207.30083 -91.05129 -9.40352 -0.00800 0.02462 -0.21764 0.97569
25.69999 208.35944 -91.57271 -9.46165 -0.00272 0.02234 -0.21761 0.97578
25.79999 209.42145 -92.08165 -9.49877 -0.00459 0.02242 -0.21764 0.97576
25.89998 210.46658 -92.58966 -9.54069 -0.00315 0.02253 -0.21748 0.97580
25.99998 211.53912 -93.09404 -9.58586 -0.00617 0.02475 -0.21743 0.97574
26.09998 212.61804 -93.61091 -9.65962 -0.00621 0.02540 -0.21741 0.97573
26.19999 213.69628 -94.12222 -9.75841 -0.00755 0.02437 -0.21733 0.97577
26.29999 214.77250 -94.63290 -9.81297 -0.00932 0.02312 -0.21730 0.97579
26.39998 215.84395 -95.14654 -9.84396 -0.01157 0.02302 -0.21707 0.97582
26.49998 216.90605 -95.65564 -9.88825 -0.01116 0.02299 -0.21701 0.97583
26.59998 217.97339 -96.17710 -9.95789 -0.00411 0.02094 -0.21699 0.97594
26.69998 219.04198 -96.70201 -10.00450 -0.00842 0.02247 -0.21681 0.97592
26.79999 220.11608 -97.21981 -10.04616 -0.00632 0.02294 -0.21678 0.97593
26.89998 221.19481 -97.74417 -10.11245 -0.00428 0.02313 -0.21663 0.97597
26.99998 222.27557 -98.26453 -10.15956 -0.00038 0.02277 -0.21671 0.97597
27.09998 223.34364 -98.77789 -10.21822 0.00058 0.02216 -0.21672 0.97598
27.19999 224.42168 -99.28238 -10.28071 -0.00220 0.02217 -0.21672 0.97598
27.29999 225.50010 -99.80028 -10.34030 -0.00206 0.02149 -0.21666 0.97601
27.39998 226.59086 -100.32271 -10.41083 -0.00197 0.02086 -0.21670 0.97601
27.49998 227.66190 -100.83187 -10.48116 -0.00905 0.02177 -0.21664 0.97597
27.59998 228.74247 -101.34331 -10.52276 -0.00475 0.02003 -0.21684 0.97599
27.69999 229.82116 -101.86013 -10.56710 -0.00318 0.01889 -0.21699 0.97599
27.79999 230.89119 -102.38609 -10.61475 -0.00034 0.01789 -0.21709 0.97599
27.89999 231.97329 -102.91509 -10.66220 0.00142 0.01754 -0.21705 0.97600
27.99999 233.04428 -103.44367 -10.71264 0.00154 0.01808 -0.21699 0.97601
28.09998 234.13740 -103.94333 -10.75656 -0.00095 0.01915 -0.21718 0.97594
28.19999 235.23741 -104.45040 -10.80662 -0.00547 0.02043 -0.21742 0.97585
28.29999 236.30419 -104.96463 -10.85112 -0.00588 0.02121 -0.21741 0.97583
28.39999 237.38311 -105.47732 -10.90241 -0.00740 0.02215 -0.21750 0.97578
28.49998 238.45171 -106.01107 -10.94573 -0.00450 0.02213 -0.21718 0.97587
28.59998 239.53732 -106.51781 -10.98986 -0.00432 0.02312 -0.21725 0.97583
28.69999 240.61467 -107.03556 -11.04044 -0.00572 0.02437 -0.21699 0.97585
28.79999 241.70132 -107.55911 -11.11658 -0.00588 0.02423 -0.21681 0.97589
28.89999 242.79962 -108.07757 -11.16822 -0.00760 0.02437 -0.21682 0.97588
28.99998 243.87676 -108.60519 -11.24609 -0.00334 0.02286 -0.21662 0.97598
29.09998 244.96919 -109.11811 -11.31878 -0.00205 0.02218 -0.21670 0.97598
29.19998 246.07351 -109.63315 -11.38997 -0.00036 0.02108 -0.21676 0.97600
29.29999 247.15590 -110.15392 -11.42814 -0.00281 0.02214 -0.21659 0.97601
29.39998 248.25064 -110.67771 -11.47417 -0.00227 0.02282 -0.21655 0.97600
29.49998 249.34447 -111.20954 -11.53752 -0.00334 0.02365 -0.21641 0.97601
29.59998 250.44637 -111.73212 -11.59749 -0.00429 0.02442 -0.21635 0.97600
29.69998 251.53781 -112.26583 -11.67400 -0.00266 0.02454 -0.21627 0.97602
29.79998 252.62614 -112.78340 -11.72728 -0.00280 0.02440 -0.21639 0.97600
29.89998 253.70297 -113.30358 -11.79040 -0.00328 0.02380 -0.21636 0.97602
29.99998 254.79308 -113.83003 -11.84212 -0.00249 0.02374 -0.21631 0.97603
30.09998 255.89744 -114.34237 -11.90059 0.00028 0.02384 -0.21651 0.97599
30.19998 257.01374 -114.87059 -11.96641 -0.00126 0.02424 -0.21671 0.97593
30.29998 258.12207 -115.39507 -12.02665 -0.00400 0.02479 -0.21667 0.97592
30.39998 259.23412 -115.93257 -12.11207 -0.00322 0.02430 -0.21679 0.97591
30.49998 260.34265 -116.46793 -12.16839 -0.00337 0.02418 -0.21669 0.97594
30.59998 261.45712 -116.99671 -12.22960 -0.00173 0.02393 -0.21674 0.97593
30.69998 262.57162 -117.53295 -12.26047 -0.00214 0.02520 -0.21659 0.97593
30.79999 263.69262 -118.07025 -12.33643 -0.00317 0.02583 -0.21651 0.97593
30.89998 264.82482 -118.59670 -12.40589 -0.00231 0.02528 -0.21694 0.97586
30.99998 265.93950 -119.14326 -12.47636 -0.00069 0.02404 -0.21667 0.97595
31.09998 267.05356 -119.67565 -12.53816 -0.00018 0.02314 -0.21670 0.97596
31.19998 268.17714 -120.21373 -12.60489 -0.00327 0.02309 -0.21653 0.97600
31.29998 269.30416 -120.74902 -12.66472 -0.00384 0.02288 -0.21649 0.97601
31.39997 270.43025 -121.29016 -12.74322 -0.00741 0.02305 -0.21631 0.97602
31.49997 271.55351 -121.82628 -12.82170 -0.00765 0.02226 -0.21619 0.97607
31.59997 272.67585 -122.36110 -12.85969 0.00097 0.02076 -0.21654 0.97605
31.69997 273.79201 -122.89857 -12.87951 0.00016 0.02254 -0.21628 0.97607
31.79997 274.90099 -123.43469 -12.92611 0.00413 0.02319 -0.21634 0.97603
31.89998 276.01682 -123.96604 -12.99742 0.00268 0.02395 -0.21645 0.97600
31.99997 277.14036 -124.49462 -13.06099 -0.00179 0.02466 -0.21647 0.97598
32.09997 278.25465 -125.03096 -13.13272 -0.00549 0.02521 -0.21643 0.97596
32.19998 279.36263 -125.56916 -13.21885 0.00460 0.02248 -0.21684 0.97594
32.29998 280.48287 -126.10519 -13.27400 0.00225 0.02342 -0.21716 0.97585
32.39998 281.60820 -126.64587 -13.35354 0.00461 0.02319 -0.21757 0.97576
32.49998 282.72977 -127.18472 -13.41695 0.00357 0.02341 -0.21781 0.97570
32.59998 283.84528 -127.73287 -13.48328 0.00366 0.02335 -0.21794 0.97568
32.69998 284.97187 -128.26182 -13.53547 0.00117 0.02412 -0.21832 0.97558
32.79998 286.08177 -128.80270 -13.60100 0.00261 0.02347 -0.21862 0.97553
32.89997 287.19148 -129.34303 -13.66961 0.00144 0.02395 -0.21878 0.97548
32.99997 288.32444 -129.88430 -13.73899 0.00158 0.02438 -0.21925 0.97536
33.09997 289.44510 -130.42618 -13.80084 0.00197 0.02365 -0.21942 0.97534
33.19998 290.55979 -130.97572 -13.86345 0.00121 0.02312 -0.21955 0.97533
33.29998 291.68892 -131.51493 -13.93717 0.00136 0.02277 -0.21993 0.97525
33.39997 292.80637 -132.05462 -13.99160 -0.00084 0.02319 -0.21997 0.97523
33.49997 293.91959 -132.61220 -14.04928 0.00027 0.02252 -0.21970 0.97531
33.59997 295.04004 -133.15095 -14.10858 0.00132 0.02196 -0.21969 0.97532
33.69998 296.15444 -133.69545 -14.15660 0.00040 0.02304 -0.21958 0.97532
33.79998 297.28566 -134.25087 -14.21993 0.00213 0.02327 -0.21958 0.97531
33.89998 298.40459 -134.79261 -14.28437 0.00333 0.02278 -0.21952 0.97534
33.99998 299.52205 -135.34235 -14.35973 0.00078 0.02240 -0.21921 0.97542
34.09997 300.64502 -135.87744 -14.43155 0.00278 0.02129 -0.21922 0.97544
34.19998 301.77259 -136.41141 -14.48099 0.00374 0.02127 -0.21926 0.97543
34.29997 302.90361 -136.96733 -14.53664 0.00362 0.02140 -0.21913 0.97545
34.39997 304.02441 -137.51154 -14.60646 0.00418 0.02160 -0.21894 0.97549
34.49996 305.15219 -138.05902 -14.66799 0.00231 0.02289 -0.21866 0.97553
34.59996 306.28900 -138.60173 -14.72485 0.00586 0.02310 -0.21873 0.97549
34.69997 307.42330 -139.14399 -14.78658 0.00432 0.02433 -0.21876 0.97547
34.79997 308.53628 -139.69985 -14.86690 0.00649 0.02342 -0.21856 0.97552
34.89996 309.65128 -140.24644 -14.93223 0.00695 0.02263 -0.21842 0.97557
34.99996 310.78752 -140.79452 -14.99252 0.00735 0.02186 -0.21842 0.97558
35.09996 311.91151 -141.34738 -15.05859 0.00775 0.02113 -0.21826 0.97563
35.19997 313.04001 -141.88593 -15.13186 0.00671 0.02043 -0.21813 0.97568
35.29997 314.16687 -142.42391 -15.16212 0.00616 0.02085 -0.21811 0.97568
35.39997 315.29597 -142.97257 -15.21660 0.00749 0.02202 -0.21781 0.97571
35.49997 316.42875 -143.50967 -15.27927 0.00770 0.02384 -0.21785 0.97566
35.59997 317.54621 -144.05902 -15.34142 0.00913 0.02449 -0.21748 0.97572
35.69998 318.67714 -144.60419 -15.42444 0.00798 0.02478 -0.21723 0.97577
35.79998 319.80890 -145.13091 -15.48538 0.00831 0.02436 -0.21735 0.97575
35.89998 320.94804 -145.67346 -15.57632 0.00435 0.02499 -0.21721 0.97580
35.99998 322.08894 -146.20914 -15.65026 0.00327 0.02518 -0.21713 0.97581
36.09998 323.21356 -146.76449 -15.72245 0.00626 0.02429 -0.21683 0.97589
36.19998 324.34815 -147.30327 -15.79086 0.00685 0.02369 -0.21677 0.97591
36.29998 325.47589 -147.83669 -15.84955 0.00671 0.02300 -0.21677 0.97593
36.39998 326.59988 -148.37537 -15.91627 0.00733 0.02150 -0.21676 0.97596
36.49997 327.72666 -148.91133 -16.00406 0.00565 0.01973 -0.21668 0.97603
36.59997 328.84560 -149.44247 -16.04348 0.00736 0.01837 -0.21660 0.97606
36.69998 329.97655 -149.98763 -16.10059 0.00540 0.01846 -0.21636 0.97612
36.79998 331.11220 -150.53003 -16.14231 0.00368 0.01906 -0.21629 0.97614
36.89998 332.24274 -151.06349 -16.18272 0.00305 0.02067 -0.21624 0.97612
36.99997 333.37094 -151.60318 -16.23914 0.00538 0.02121 -0.21629 0.97608
37.09998 334.49758 -152.14948 -16.31595 0.00582 0.02134 -0.21625 0.97609
37.19998 335.62963 -152.67653 -16.38893 0.00841 0.02044 -0.21657 0.97602
37.29998 336.76446 -153.21086 -16.46567 0.00475 0.01995 -0.21670 0.97602
37.39997 337.90222 -153.76970 -16.52536 0.00457 0.01921 -0.21660 0.97606
37.49997 339.05231 -154.30603 -16.57742 0.00652 0.01884 -0.21681 0.97601
37.59998 340.19523 -154.85870 -16.62107 0.00373 0.02009 -0.21680 0.97600
37.69998 341.35683 -155.40896 -16.67355 0.00406 0.02096 -0.21703 0.97593
37.79998 342.49562 -155.96738 -16.72985 0.00509 0.02187 -0.21691 0.97593
37.89998 343.65762 -156.51739 -16.79822 0.00586 0.02230 -0.21702 0.97589
37.99997 344.81631 -157.06790 -16.86779 0.00600 0.02234 -0.21712 0.97587
38.09997 345.96706 -157.63242 -16.95136 0.00895 0.02130 -0.21715 0.97586
38.19997 347.12562 -158.18836 -17.00342 0.00807 0.02105 -0.21713 0.97588
38.29997 348.29349 -158.74120 -17.06529 0.00584 0.02141 -0.21716 0.97588
38.39997 349.46436 -159.30639 -17.12795 0.00967 0.02127 -0.21730 0.97583
38.49997 350.65178 -159.86730 -17.20833 0.00677 0.02201 -0.21737 0.97582
38.59997 351.83973 -160.43754 -17.28425 0.00724 0.02121 -0.21736 0.97583
38.69997 353.02630 -161.00332 -17.34500 0.00647 0.02109 -0.21739 0.97583
38.79997 354.23884 -161.59319 -17.43105 0.00564 0.02096 -0.21728 0.97587
38.89997 355.44737 -162.17380 -17.51290 0.00488 0.02074 -0.21730 0.97587
38.99997 356.66702 -162.76816 -17.57517 0.00387 0.02133 -0.21722 0.97588
39.09997 357.88810 -163.34908 -17.65884 0.00528 0.02099 -0.21734 0.97586
39.19997 359.12074 -163.92603 -17.70941 0.00261 0.02168 -0.21755 0.97581
39.29997 360.35427 -164.51306 -17.79148 0.00177 0.02169 -0.21769 0.97578
39.39997 361.59765 -165.10543 -17.85597 0.00308 0.02183 -0.21792 0.97572
39.49997 362.84240 -165.71182 -17.92179 0.00434 0.02179 -0.21799 0.97570
39.59997 364.09656 -166.32053 -17.99453 0.00605 0.02103 -0.21816 0.97567
39.69997 365.35360 -166.92403 -18.07010 0.00889 0.01951 -0.21841 0.97562
39.79997 366.61950 -167.54891 -18.13964 0.00544 0.01953 -0.21846 0.97564
39.89997 367.88489 -168.17216 -18.20487 0.00579 0.01925 -0.21851 0.97563
39.99997 369.14499 -168.78245 -18.25825 0.00957 0.01880 -0.21886 0.97553
40.09997 370.42512 -169.40396 -18.34718 0.00908 0.01870 -0.21899 0.97550
40.19997 371.71337 -170.03167 -18.40528 0.00676 0.01835 -0.21902 0.97552
40.29997 373.00482 -170.64993 -18.47530 0.00963 0.01654 -0.21928 0.97547
40.39997 374.29967 -171.27243 -18.53594 0.01128 0.01606 -0.21943 0.97543
40.49997 375.59877 -171.90403 -18.58090 0.00781 0.01829 -0.21924 0.97547
40.59997 376.90584 -172.51970 -18.63592 0.00724 0.01991 -0.21951 0.97538
40.69997 378.22008 -173.16660 -18.71264 0.00602 0.02103 -0.21929 0.97541
40.79997 379.53353 -173.80958 -18.81585 0.00441 0.02048 -0.21919 0.97546
40.89996 380.84643 -174.43841 -18.86537 0.00978 0.01866 -0.21934 0.97542
40.99996 382.16045 -175.07134 -18.95107 0.01112 0.01701 -0.21954 0.97539
41.09996 383.49384 -175.71308 -19.02072 0.00723 0.01664 -0.21952 0.97544
41.19997 384.81005 -176.35348 -19.07922 0.00940 0.01622 -0.21953 0.97543
41.29997 386.15040 -177.00899 -19.13244 0.00830 0.01786 -0.21934 0.97545
41.39997 387.49491 -177.66512 -19.20160 0.00931 0.01950 -0.21927 0.97542
41.49997 388.84908 -178.32267 -19.28443 0.01108 0.02106 -0.21928 0.97537
41.59997 390.20743 -178.99126 -19.36837 0.01343 0.02162 -0.21924 0.97534
41.69997 391.57058 -179.65793 -19.47598 0.00822 0.02183 -0.21905 0.97543
41.79997 392.92912 -180.31154 -19.55669 0.01249 0.01938 -0.21914 0.97542
41.89997 394.28081 -180.95602 -19.63164 0.01281 0.01851 -0.21921 0.97542
41.99997 395.64606 -181.61012 -19.69625 0.01125 0.01948 -0.21922 0.97542
42.09997 397.01316 -182.29084 -19.76375 0.00971 0.02154 -0.21884 0.97547
42.19997 398.39582 -182.96036 -19.85832 0.01094 0.02086 -0.21871 0.97550
42.29997 399.76662 -183.61488 -19.95540 0.01356 0.01847 -0.21874 0.97551
42.39997 401.14244 -184.28134 -20.01661 0.01360 0.01807 -0.21858 0.97556
42.49997 402.51092 -184.93814 -20.09071 0.01793 0.01749 -0.21853 0.97551
42.59997 403.88606 -185.59350 -20.16969 0.01552 0.01778 -0.21851 0.97555
42.69997 405.27081 -186.25448 -20.23640 0.01859 0.01682 -0.21856 0.97550
42.79997 406.63940 -186.93366 -20.31836 0.02083 0.01638 -0.21832 0.97552
42.89997 408.02562 -187.59814 -20.37780 0.01834 0.01708 -0.21815 0.97559
42.99997 409.41171 -188.27104 -20.43065 0.01612 0.01899 -0.21792 0.97565
43.09997 410.79873 -188.92786 -20.51708 0.01627 0.01954 -0.21787 0.97565
43.19997 412.16111 -189.57895 -20.60283 0.01674 0.01808 -0.21782 0.97568
43.29997 413.52533 -190.23973 -20.68544 0.01373 0.01750 -0.21752 0.97580
43.39996 414.89704 -190.89558 -20.73851 0.01238 0.01891 -0.21724 0.97586
43.49996 416.27282 -191.55352 -20.80515 0.01256 0.02116 -0.21687 0.97589
43.59996 417.64371 -192.20854 -20.87489 0.01318 0.02304 -0.21664 0.97589
43.69996 419.00915 -192.85415 -20.96084 0.01622 0.02287 -0.21648 0.97588
43.79996 420.37004 -193.49148 -21.04392 0.01517 0.02091 -0.21652 0.97594
43.89996 421.71738 -194.13775 -21.12927 0.01230 0.01860 -0.21625 0.97608
43.99996 423.05806 -194.77232 -21.20050 0.00817 0.01819 -0.21603 0.97618
44.09996 424.40672 -195.41389 -21.20721 0.01008 0.02072 -0.21588 0.97615
44.19997 425.74536 -196.06441 -21.26968 0.01164 0.02390 -0.21577 0.97608
44.29997 427.07345 -196.69879 -21.37258 0.01431 0.02418 -0.21560 0.97608
44.39997 428.40962 -197.34097 -21.44389 0.01381 0.02369 -0.21552 0.97611
44.49997 429.73510 -197.97203 -21.50991 0.01903 0.02242 -0.21559 0.97604
44.59997 431.03122 -198.59179 -21.60353 0.01832 0.02212 -0.21558 0.97606
44.69997 432.33488 -199.20410 -21.68595 0.01275 0.02310 -0.21560 0.97612
44.79997 433.65040 -199.84933 -21.76118 0.01662 0.02275 -0.21569 0.97605
44.89997 434.97761 -200.47762 -21.83981 0.01190 0.02356 -0.21550 0.97615
44.99997 436.29232 -201.08802 -21.92604 0.01128 0.02259 -0.21578 0.97612
45.09997 437.61177 -201.72011 -22.01306 0.01525 0.02181 -0.21588 0.97606
45.19997 438.90000 -202.33265 -22.08501 0.01644 0.02185 -0.21586 0.97604
45.29997 440.17505 -202.93522 -22.16433 0.01755 0.02013 -0.21599 0.97603
45.39997 441.45950 -203.55702 -22.23881 0.01488 0.01988 -0.21607 0.97606
45.49996 442.73424 -204.17207 -22.31055 0.01779 0.02022 -0.21611 0.97600
45.59996 444.01047 -204.77801 -22.38237 0.01992 0.02006 -0.21630 0.97592
45.69997 445.30101 -205.38497 -22.48431 0.01788 0.01824 -0.21666 0.97591
45.79996 446.56526 -205.98576 -22.54003 0.01672 0.01715 -0.21699 0.97588
45.89996 447.83771 -206.60032 -22.59677 0.01624 0.01632 -0.21719 0.97586
45.99996 449.10705 -207.21301 -22.64564 0.01481 0.01649 -0.21723 0.97587
46.09996 450.38689 -207.82260 -22.69568 0.01186 0.01852 -0.21731 0.97586
46.19997 451.65125 -208.44079 -22.76779 0.01673 0.01859 -0.21754 0.97573
46.29997 452.93359 -209.04058 -22.84329 0.01841 0.01886 -0.21799 0.97560
46.39997 454.21176 -209.67396 -22.92204 0.01654 0.01913 -0.21771 0.97569
46.49996 455.49164 -210.27398 -23.00160 0.01724 0.01861 -0.21798 0.97562
46.59996 456.77209 -210.88395 -23.07062 0.01346 0.01983 -0.21805 0.97564
46.69997 458.04526 -211.49284 -23.13822 0.01283 0.01991 -0.21801 0.97566
46.79997 459.32379 -212.08579 -23.19846 0.00943 0.02062 -0.21811 0.97566
46.89997 460.59958 -212.70122 -23.27832 0.00786 0.02028 -0.21800 0.97571
46.99996 461.86543 -213.30308 -23.33132 0.00915 0.01924 -0.21808 0.97570
47.09996 463.13804 -213.91310 -23.40057 0.00950 0.01888 -0.21805 0.97571
47.19996 464.40948 -214.52797 -23.47048 0.01042 0.01989 -0.21795 0.97570
47.29997 465.68163 -215.14311 -23.53814 0.00798 0.02173 -0.21770 0.97574
47.39996 466.95358 -215.75623 -23.61354 0.00917 0.02184 -0.21777 0.97571
47.49996 468.22541 -216.36526 -23.70865 0.01022 0.02001 -0.21783 0.97573
47.59997 469.49778 -216.97118 -23.77014 0.00913 0.01899 -0.21794 0.97573
47.69997 470.76236 -217.57947 -23.81574 0.00958 0.01964 -0.21797 0.97571
47.79997 472.03849 -218.20600 -23.87644 0.00652 0.02130 -0.21793 0.97571
47.89997 473.30825 -218.82262 -23.93667 0.00620 0.02171 -0.21793 0.97570
47.99996 474.59782 -219.43372 -24.01282 0.01065 0.02018 -0.21849 0.97557
48.09997 475.86361 -220.04897 -24.08673 0.01145 0.01957 -0.21867 0.97554
48.19997 477.13659 -220.68092 -24.14055 0.01393 0.01995 -0.21876 0.97548
48.29997 478.40887 -221.28861 -24.22882 0.01145 0.02161 -0.21900 0.97542
48.39997 479.68967 -221.90437 -24.31346 0.01513 0.02054 -0.21936 0.97531
48.49997 480.96837 -222.51248 -24.38579 0.01633 0.01901 -0.21981 0.97522
48.59996 482.23190 -223.13351 -24.44281 0.02138 0.01697 -0.22011 0.97509
48.69996 483.51249 -223.75182 -24.48965 0.01888 0.01828 -0.22017 0.97511
48.79997 484.77968 -224.37264 -24.55614 0.01711 0.01976 -0.22009 0.97513
48.89996 486.03227 -224.98283 -24.62703 0.01550 0.01995 -0.22006 0.97516
48.99996 487.30923 -225.60727 -24.68864 0.01532 0.01986 -0.22004 0.97517
49.09996 488.57643 -226.22719 -24.79103 0.01199 0.01996 -0.21983 0.97526
49.19996 489.84591 -226.83684 -24.85256 0.01567 0.01874 -0.21993 0.97521
49.29997 491.11499 -227.45108 -24.89878 0.01310 0.01970 -0.21981 0.97526
49.39997 492.39571 -228.07474 -24.97566 0.01510 0.01970 -0.21990 0.97521
49.49997 493.66313 -228.69451 -25.04082 0.01714 0.01973 -0.21973 0.97521
49.59997 494.94278 -229.32794 -25.11906 0.01844 0.01952 -0.21966 0.97521
49.69997 496.21464 -229.94451 -25.20412 0.01726 0.01863 -0.21973 0.97523
49.79997 497.48943 -230.56577 -25.28340 0.01827 0.01762 -0.21964 0.97525
49.89997 498.77406 -231.18847 -25.34558 0.01560 0.01879 -0.21958 0.97529
49.99996 500.05857 -231.80618 -25.40822 0.01397 0.02008 -0.21956 0.97529
50.09996 501.35025 -232.43704 -25.48175 0.01747 0.02004 -0.21953 0.97524
50.19996 502.64001 -233.05013 -25.56900 0.02071 0.01977 -0.21970 0.97515
50.29996 503.92639 -233.68188 -25.65719 0.02000 0.01944 -0.21966 0.97518
50.39996 505.22154 -234.31407 -25.73197 0.02123 0.01903 -0.21957 0.97518
50.49996 506.52691 -234.95084 -25.80595 0.02195 0.01902 -0.21943 0.97520
50.59996 507.81070 -235.58249 -25.89005 0.02415 0.01772 -0.21938 0.97518
50.69997 509.11461 -236.20792 -25.95142 0.02046 0.01825 -0.21938 0.97525
50.79997 510.41201 -236.82607 -26.01482 0.02042 0.01839 -0.21928 0.97527
50.89997 511.71161 -237.45485 -26.09469 0.01964 0.01829 -0.21919 0.97531
50.99996 513.01897 -238.07724 -26.16061 0.02149 0.01820 -0.21915 0.97529
51.09996 514.32732 -238.71253 -26.24286 0.02369 0.01836 -0.21913 0.97523
51.19997 515.63187 -239.35034 -26.31811 0.02124 0.01916 -0.21907 0.97529
51.29997 516.93185 -239.97651 -26.39587 0.02777 0.01703 -0.21928 0.97512
51.39996 518.22619 -240.61173 -26.47544 0.02507 0.01682 -0.21920 0.97521
51.49996 519.53565 -241.24147 -26.54536 0.02553 0.01614 -0.21938 0.97517
51.59996 520.86393 -241.86949 -26.63003 0.02313 0.01573 -0.21974 0.97516
51.69996 522.15610 -242.50245 -26.69353 0.02244 0.01570 -0.21965 0.97519
51.79996 523.46778 -243.13924 -26.76763 0.02161 0.01665 -0.21967 0.97519
51.89996 524.76071 -243.77968 -26.84616 0.02394 0.01595 -0.21951 0.97519
51.99996 526.04853 -244.39818 -26.91115 0.02069 0.01536 -0.21961 0.97525
52.09996 527.33912 -245.01450 -26.95998 0.01990 0.01503 -0.21974 0.97524
52.19996 528.64876 -245.66325 -27.02170 0.02208 0.01444 -0.21948 0.97526
52.29996 529.95639 -246.28999 -27.07919 0.02113 0.01485 -0.21938 0.97530
52.39996 531.25926 -246.92258 -27.12703 0.02318 0.01529 -0.21944 0.97523
52.49996 532.56273 -247.56102 -27.17301 0.02242 0.01743 -0.21924 0.97526
52.59996 533.87868 -248.19546 -27.23813 0.02536 0.01901 -0.21931 0.97514
52.69996 535.19680 -248.84733 -27.32145 0.02501 0.02116 -0.21893 0.97519
52.79996 536.50985 -249.47535 -27.41372 0.03004 0.01982 -0.21906 0.97505
52.89996 537.81050 -250.11425 -27.52725 0.03202 0.01749 -0.21891 0.97506
52.99996 539.13316 -250.73415 -27.62209 0.03639 0.01463 -0.21917 0.97490
53.09996 540.44207 -251.37228 -27.68329 0.02764 0.01683 -0.21877 0.97524
53.19997 541.75665 -252.00166 -27.73032 0.03004 0.01836 -0.21846 0.97521
53.29997 543.08550 -252.64996 -27.79577 0.02573 0.02168 -0.21785 0.97540
53.39997 544.40571 -253.28202 -27.89351 0.02573 0.02335 -0.21758 0.97542
53.49996 545.73553 -253.91698 -27.99978 0.02472 0.02469 -0.21731 0.97548
53.59996 547.05857 -254.54192 -28.10687 0.02575 0.02439 -0.21711 0.97550
53.69996 548.37479 -255.16802 -28.20681 0.02617 0.02369 -0.21684 0.97557
53.79996 549.69840 -255.81072 -28.29031 0.02583 0.02303 -0.21660 0.97565
53.89995 551.03037 -256.43566 -28.38669 0.02236 0.02223 -0.21649 0.97578
53.99996 552.35354 -257.05883 -28.48107 0.02159 0.02030 -0.21641 0.97585
54.09996 553.67759 -257.67726 -28.55792 0.02041 0.01976 -0.21643 0.97588
54.19996 555.00772 -258.30962 -28.61659 0.01932 0.02140 -0.21636 0.97589
54.29996 556.34060 -258.94572 -28.69323 0.02213 0.02222 -0.21620 0.97584
54.39996 557.67253 -259.58706 -28.76678 0.02140 0.02252 -0.21602 0.97589
54.49996 558.99096 -260.21734 -28.86101 0.02465 0.02075 -0.21618 0.97582
54.59996 560.30811 -260.84213 -28.94280 0.02668 0.01911 -0.21639 0.97576
54.69996 561.61630 -261.46689 -29.02708 0.02934 0.01763 -0.21644 0.97569
54.79996 562.93800 -262.08885 -29.11098 0.02968 0.01671 -0.21670 0.97564
54.89996 564.23930 -262.71385 -29.16591 0.03281 0.01505 -0.21691 0.97552
54.99996 565.56091 -263.34212 -29.22145 0.02652 0.01502 -0.21700 0.97570
55.09996 566.86388 -263.96193 -29.27818 0.02990 0.01368 -0.21739 0.97553
55.19996 568.17519 -264.59213 -29.33336 0.02892 0.01488 -0.21758 0.97550
55.29996 569.48613 -265.21970 -29.39167 0.02882 0.01683 -0.21778 0.97543
55.39996 570.80427 -265.84742 -29.48068 0.02842 0.01764 -0.21807 0.97536
55.49996 572.12087 -266.48188 -29.56116 0.02838 0.01744 -0.21832 0.97531
55.59996 573.43131 -267.12049 -29.65863 0.03011 0.01652 -0.21856 0.97522
55.69997 574.73747 -267.74114 -29.73390 0.02851 0.01636 -0.21897 0.97518
55.79997 576.02991 -268.35882 -29.79523 0.02553 0.01630 -0.21928 0.97519
55.89996 577.33152 -268.99169 -29.86857 0.02782 0.01471 -0.21939 0.97513
55.99996 578.62751 -269.61803 -29.91840 0.02370 0.01618 -0.21961 0.97517
56.09996 579.93181 -270.23608 -29.97883 0.02271 0.01805 -0.21984 0.97510
56.19996 581.22093 -270.86534 -30.05666 0.02413 0.01822 -0.21975 0.97509
56.29996 582.52088 -271.50093 -30.14762 0.01897 0.01880 -0.21935 0.97528
56.39996 583.80120 -272.14316 -30.21180 0.02081 0.01791 -0.21896 0.97535
56.49996 585.11326 -272.75807 -30.28546 0.01830 0.01805 -0.21895 0.97540
56.59995 586.40983 -273.38331 -30.33512 0.02139 0.01766 -0.21892 0.97535
56.69995 587.70891 -273.99687 -30.40334 0.02452 0.01780 -0.21899 0.97526
56.79996 589.00376 -274.62717 -30.48385 0.02495 0.01851 -0.21880 0.97527
56.89995 590.30981 -275.25227 -30.56938 0.01950 0.01952 -0.21848 0.97545
56.99995 591.60524 -275.87232 -30.64860 0.01939 0.01869 -0.21830 0.97551
57.09996 592.89645 -276.49715 -30.69963 0.02124 0.01906 -0.21826 0.97547
57.19996 594.19380 -277.11301 -30.77744 0.02216 0.02080 -0.21831 0.97541
57.29996 595.48584 -277.72868 -30.86820 0.02077 0.02231 -0.21848 0.97537
57.39996 596.77831 -278.35135 -30.96207 0.02056 0.02176 -0.21854 0.97537
57.49996 598.06301 -278.96300 -31.03925 0.01894 0.02102 -0.21860 0.97540
57.59996 599.34452 -279.58679 -31.10963 0.01953 0.02058 -0.21855 0.97541
57.69996 600.62998 -280.21748 -31.17817 0.02283 0.02018 -0.21865 0.97533
57.79996 601.91826 -280.84271 -31.26695 0.02690 0.01909 -0.21885 0.97520
57.89996 603.20218 -281.46999 -31.34173 0.02736 0.01907 -0.21880 0.97520
57.99996 604.49891 -282.08230 -31.41163 0.03071 0.01855 -0.21916 0.97503
58.09996 605.77071 -282.72233 -31.50389 0.02864 0.01842 -0.21899 0.97513
58.19996 607.05257 -283.32699 -31.59080 0.02855 0.01707 -0.21930 0.97509
58.29996 608.32023 -283.94453 -31.66405 0.02765 0.01510 -0.21941 0.97512
58.39996 609.58089 -284.57193 -31.71792 0.02602 0.01407 -0.21915 0.97524
58.49996 610.84453 -285.19136 -31.77198 0.02177 0.01468 -0.21889 0.97540
58.59996 612.11395 -285.80064 -31.81140 0.02241 0.01531 -0.21888 0.97538
58.69997 613.39427 -286.40260 -31.86825 0.02696 0.01618 -0.21921 0.97517
58.79997 614.67243 -287.01126 -31.93976 0.02504 0.01863 -0.21899 0.97523
58.89996 615.94203 -287.62545 -32.01004 0.02740 0.01975 -0.21880 0.97519
58.99996 617.20723 -288.23740 -32.09577 0.02843 0.02024 -0.21872 0.97516
59.09997 618.46959 -288.84046 -32.20504 0.02810 0.01872 -0.21874 0.97520
59.19997 619.72347 -289.44363 -32.27041 0.03163 0.01521 -0.21888 0.97512
59.29996 620.96513 -290.03872 -32.32095 0.03227 0.01365 -0.21884 0.97513
59.39996 622.19579 -290.65065 -32.36247 0.03069 0.01504 -0.21850 0.97524
59.49996 623.42540 -291.26243 -32.41716 0.02969 0.01660 -0.21820 0.97531
59.59996 624.65710 -291.83985 -32.49530 0.02869 0.01648 -0.21835 0.97531
59.69996 625.87924 -292.40146 -32.57539 0.03266 0.01487 -0.21892 0.97508
59.79996 627.09594 -292.98626 -32.61848 0.03167 0.01593 -0.21883 0.97512
59.89996 628.29034 -293.57449 -32.68806 0.03048 0.01647 -0.21847 0.97523
59.99996 629.48721 -294.15500 -32.76531 0.02360 0.01752 -0.21794 0.97552
60.09995 630.66809 -294.73318 -32.84023 0.02833 0.01647 -0.21792 0.97542
60.19996 631.85791 -295.29247 -32.92998 0.02764 0.01745 -0.21810 0.97538
60.29996 633.03951 -295.86345 -32.96829 0.02993 0.01777 -0.21815 0.97529
60.39996 634.23205 -296.43014 -32.99856 0.03478 0.01828 -0.21845 0.97506
60.49996 635.40455 -296.99705 -33.04462 0.03151 0.02157 -0.21799 0.97520
60.59996 636.57525 -297.57300 -33.11231 0.02959 0.02447 -0.21756 0.97529
60.69996 637.75262 -298.11290 -33.20848 0.03190 0.02414 -0.21807 0.97511
60.79996 638.91122 -298.65892 -33.28798 0.03714 0.02188 -0.21859 0.97486
60.89995 640.05698 -299.21541 -33.37752 0.03220 0.02178 -0.21800 0.97517
60.99996 641.18678 -299.75006 -33.42890 0.03231 0.02208 -0.21806 0.97515
61.09996 642.30735 -300.30202 -33.54099 0.02903 0.02561 -0.21745 0.97530
61.19996 643.45884 -300.85614 -33.66712 0.03643 0.02908 -0.21748 0.97495
61.29996 644.61028 -301.39708 -33.74879 0.03719 0.03555 -0.21747 0.97471
61.39995 645.76852 -301.94306 -33.84703 0.03791 0.04014 -0.21756 0.97448
61.49995 646.90370 -302.47950 -33.97751 0.03986 0.04085 -0.21762 0.97436
61.59995 648.08876 -303.02000 -34.12182 0.03918 0.04265 -0.21804 0.97422
61.69996 649.25982 -303.59460 -34.22048 0.03882 0.04860 -0.21744 0.97409
61.79996 650.42853 -304.13023 -34.32959 0.03826 0.05629 -0.21778 0.97362
61.89996 651.59593 -304.64999 -34.54707 0.03716 0.06036 -0.21876 0.97320
61.99996 652.74831 -305.17045 -34.77690 0.03952 0.06106 -0.21951 0.97289
62.09996 653.88820 -305.75465 -34.98238 0.04321 0.05992 -0.21909 0.97290
62.19996 655.01877 -306.28340 -35.20368 0.04547 0.05661 -0.22000 0.97279
62.29996 656.14910 -306.83894 -35.37622 0.04017 0.05612 -0.21954 0.97316
62.39996 657.31445 -307.37774 -35.54660 0.04211 0.05595 -0.22099 0.97276
62.49996 658.46620 -307.87625 -35.68950 0.03865 0.05961 -0.22274 0.97229
62.59996 659.60368 -308.45777 -35.87584 0.03993 0.06085 -0.22236 0.97224
62.69996 660.68691 -309.04542 -36.03065 0.04085 0.06096 -0.22179 0.97233
62.79996 661.81299 -309.59651 -36.22126 0.04185 0.05794 -0.22276 0.97225
62.89996 662.94259 -310.11222 -36.39478 0.04132 0.05453 -0.22473 0.97202
62.99995 664.09167 -310.64148 -36.51548 0.03788 0.05529 -0.22586 0.97185
63.09995 665.23152 -311.17853 -36.70228 0.04261 0.05487 -0.22723 0.97136
63.19996 666.38980 -311.75696 -36.87576 0.04181 0.05603 -0.22790 0.97117
63.29996 667.53086 -312.34963 -37.05491 0.03984 0.05631 -0.22818 0.97117
63.39996 668.67634 -312.94454 -37.22143 0.03892 0.05674 -0.22841 0.97113
63.49996 669.81562 -313.55016 -37.36405 0.03908 0.05785 -0.22855 0.97103
63.59996 670.95536 -314.12027 -37.54760 0.04083 0.05819 -0.22951 0.97071
63.69996 672.10578 -314.68706 -37.73344 0.04065 0.05777 -0.23065 0.97047
63.79996 673.21578 -315.28978 -37.88513 0.04255 0.05621 -0.23096 0.97041
63.89996 674.33797 -315.89774 -38.07469 0.04223 0.05533 -0.23157 0.97033
63.99996 675.50674 -316.47376 -38.22740 0.04233 0.05586 -0.23353 0.96982
64.09996 676.65591 -317.05996 -38.39209 0.04268 0.05580 -0.23523 0.96940
64.19996 677.80260 -317.60485 -38.58924 0.04090 0.05380 -0.23780 0.96896
64.29996 678.94215 -318.17517 -38.78010 0.03954 0.05036 -0.23964 0.96875
64.39996 680.10257 -318.76227 -38.88006 0.04141 0.04968 -0.24168 0.96820
64.49996 681.22671 -319.41543 -39.02814 0.04168 0.05133 -0.24376 0.96758
64.59995 682.35171 -320.05667 -39.15957 0.04483 0.05385 -0.24415 0.96720
64.69995 683.50605 -320.68562 -39.34994 0.04485 0.05625 -0.24622 0.96654
64.79995 684.63527 -321.35442 -39.54943 0.04802 0.05592 -0.24681 0.96626
64.89995 685.77607 -322.01955 -39.72138 0.04698 0.05510 -0.24815 0.96601
64.99995 686.92028 -322.62281 -39.88419 0.04713 0.05398 -0.25034 0.96550
65.09995 688.02491 -323.28208 -40.07760 0.04852 0.05171 -0.25148 0.96526
65.19995 689.11990 -323.94840 -40.23308 0.05046 0.04900 -0.25325 0.96484
65.29996 690.22261 -324.60227 -40.38263 0.05359 0.04723 -0.25381 0.96461
65.39996 691.32928 -325.25052 -40.50518 0.05569 0.04795 -0.25415 0.96437
65.49996 692.44609 -325.90050 -40.66612 0.05668 0.04789 -0.25438 0.96425
65.59996 693.57896 -326.55411 -40.81876 0.05260 0.04782 -0.25480 0.96438
65.69996 694.71526 -327.18858 -40.97550 0.05217 0.04860 -0.25613 0.96401
65.79996 695.86182 -327.84497 -41.13526 0.04914 0.05219 -0.25778 0.96354
65.89995 697.02592 -328.46232 -41.32683 0.04934 0.05377 -0.25686 0.96369
65.99995 698.14368 -329.12254 -41.51259 0.05025 0.05033 -0.25623 0.96400
66.09995 699.22837 -329.77400 -41.68020 0.04616 0.04574 -0.25494 0.96477
66.19995 700.33460 -330.43451 -41.77714 0.04449 0.04577 -0.25335 0.96527
66.29995 701.45848 -331.09504 -41.86748 0.04440 0.04980 -0.25132 0.96560
66.39995 702.57898 -331.72953 -41.99327 0.04543 0.05376 -0.24904 0.96593
66.49995 703.69789 -332.36151 -42.17408 0.04661 0.05442 -0.24618 0.96657
66.59995 704.82112 -332.94830 -42.34746 0.04676 0.05371 -0.24378 0.96721
66.69994 705.93847 -333.52535 -42.52468 0.04544 0.05323 -0.24037 0.96816
66.79994 707.05686 -334.08048 -42.66113 0.04565 0.05336 -0.23654 0.96908
66.89994 708.14605 -334.64990 -42.83679 0.04506 0.05317 -0.23185 0.97025
66.99995 709.25552 -335.21267 -42.98359 0.04360 0.05327 -0.22763 0.97131
67.09995 710.36235 -335.77979 -43.13575 0.04243 0.05371 -0.22262 0.97250
67.19995 711.45802 -336.30870 -43.30651 0.04204 0.05353 -0.21832 0.97350
67.29995 712.57152 -336.83097 -43.44317 0.04160 0.05381 -0.21341 0.97459
67.39995 713.69244 -337.31147 -43.58070 0.04247 0.05350 -0.20804 0.97573
67.49995 714.84040 -337.77209 -43.72469 0.04284 0.05335 -0.20290 0.97681
67.59995 715.95752 -338.22760 -43.91057 0.04141 0.05299 -0.19785 0.97792
67.69995 717.07308 -338.70124 -44.02801 0.04129 0.05360 -0.19018 0.97942
67.79995 718.18541 -339.18017 -44.15890 0.04172 0.05330 -0.18333 0.98072
67.89995 719.29032 -339.58793 -44.30292 0.04080 0.05329 -0.17732 0.98186
67.99995 720.41702 -339.98772 -44.43892 0.03954 0.05308 -0.17089 0.98307
68.09996 721.54115 -340.35873 -44.60536 0.03853 0.05184 -0.16363 0.98441
68.19995 722.67721 -340.72256 -44.74105 0.03796 0.05105 -0.15783 0.98541
68.29996 723.80944 -341.06880 -44.83693 0.03666 0.05152 -0.15064 0.98656
68.39996 724.94231 -341.41333 -44.97600 0.03685 0.05175 -0.14382 0.98756
68.49996 726.08066 -341.72768 -45.10475 0.03473 0.05196 -0.13736 0.98855
68.59996 727.21928 -342.03996 -45.22894 0.03447 0.05213 -0.12967 0.98959
68.69996 728.35682 -342.31594 -45.37162 0.03397 0.05196 -0.12433 0.99030
68.79995 729.49102 -342.56911 -45.50113 0.03360 0.05180 -0.11673 0.99124
68.89995 730.63651 -342.84043 -45.60983 0.03311 0.05252 -0.10764 0.99225
68.99995 731.78069 -343.08586 -45.73546 0.03390 0.05278 -0.10073 0.99293
69.09995 732.91390 -343.28464 -45.84758 0.03295 0.05270 -0.09223 0.99380
69.19996 734.04939 -343.50306 -46.00466 0.03296 0.05178 -0.08279 0.99467
69.29996 735.18198 -343.69381 -46.11831 0.03372 0.05218 -0.07558 0.99520
69.39996 736.30184 -343.84717 -46.21140 0.03301 0.05302 -0.06815 0.99572
69.49996 737.41793 -343.96947 -46.31426 0.03254 0.05293 -0.06127 0.99619
69.59996 738.51681 -344.09550 -46.45243 0.03265 0.05225 -0.05369 0.99666
69.69996 739.61529 -344.19230 -46.57091 0.03155 0.05154 -0.04651 0.99709
69.79996 740.70895 -344.25954 -46.68997 0.03431 0.05083 -0.03954 0.99733
69.89996 741.78683 -344.33131 -46.79136 0.03339 0.05007 -0.03148 0.99769
69.99996 742.86417 -344.36066 -46.88338 0.03380 0.04998 -0.02565 0.99785
70.09996 743.92991 -344.39394 -46.97490 0.03303 0.05006 -0.01876 0.99802
70.19996 744.99205 -344.43898 -47.08516 0.03282 0.04946 -0.01238 0.99816
70.29997 746.03555 -344.46075 -47.19765 0.03259 0.04794 -0.00737 0.99829
70.39996 747.07814 -344.47225 -47.29142 0.03124 0.04680 -0.00203 0.99841
70.49996 748.13274 -344.45615 -47.36056 0.03122 0.04682 0.00271 0.99841
70.59996 749.14826 -344.43387 -47.46295 0.03097 0.04692 0.00692 0.99839
70.69997 750.16447 -344.40457 -47.56934 0.03056 0.04613 0.01135 0.99840
70.79997 751.16496 -344.34045 -47.65292 0.03000 0.04510 0.01458 0.99843
70.89996 752.14321 -344.29293 -47.72764 0.02975 0.04427 0.01867 0.99840
70.99996 753.13628 -344.24849 -47.80161 0.02835 0.04436 0.02246 0.99836
71.09996 754.10682 -344.20838 -47.87714 0.02806 0.04460 0.02647 0.99826
71.19996 755.06469 -344.14359 -47.95115 0.02753 0.04506 0.03036 0.99814
71.29995 755.99753 -344.06213 -48.03637 0.02660 0.04516 0.03453 0.99803
71.39995 756.92501 -343.99570 -48.10026 0.02620 0.04594 0.03802 0.99788
71.49995 757.82703 -343.89954 -48.18927 0.02622 0.04601 0.04245 0.99769
71.59995 758.71586 -343.80985 -48.23380 0.02626 0.04691 0.04581 0.99750
71.69996 759.57317 -343.71784 -48.32037 0.02678 0.04694 0.04834 0.99737
71.79996 760.41235 -343.62046 -48.37345 0.02667 0.04776 0.05134 0.99718
71.89996 761.23232 -343.52272 -48.44772 0.02704 0.04769 0.05402 0.99703
71.99995 762.02023 -343.42883 -48.52719 0.02774 0.04646 0.05613 0.99696
72.09995 762.78738 -343.35623 -48.59217 0.02887 0.04516 0.05737 0.99691
72.19995 763.53547 -343.28486 -48.64310 0.03441 0.04664 0.05857 0.99660
72.29995 764.27611 -343.20347 -48.71145 0.03549 0.04695 0.06186 0.99635
72.39995 764.98024 -343.11953 -48.78395 0.03409 0.04597 0.06373 0.99633
72.49995 765.67931 -343.03267 -48.84452 0.03373 0.04438 0.06637 0.99624
72.59995 766.37896 -342.93681 -48.91806 0.03755 0.04248 0.07039 0.99591
72.69995 767.05109 -342.84459 -48.95465 0.03832 0.04161 0.07376 0.99567
72.79995 767.70899 -342.73417 -48.97322 0.03733 0.04206 0.07749 0.99541
72.89995 768.34351 -342.62493 -49.00998 0.03494 0.04215 0.08263 0.99507
72.99994 768.95652 -342.49164 -49.06200 0.03456 0.04151 0.08751 0.99470
73.09994 769.55759 -342.37106 -49.09793 0.03556 0.04183 0.09223 0.99422
73.19994 770.15242 -342.25903 -49.14992 0.03784 0.04236 0.09891 0.99347
73.29994 770.70291 -342.12491 -49.19034 0.03857 0.04269 0.10468 0.99284
73.39994 771.23105 -341.99273 -49.21983 0.03759 0.04247 0.11182 0.99211
73.49994 771.73566 -341.85454 -49.24991 0.03543 0.04226 0.11971 0.99128
73.59994 772.21407 -341.71589 -49.28858 0.03600 0.04250 0.12815 0.99019
73.69994 772.65865 -341.57120 -49.30893 0.03845 0.04359 0.13691 0.98888
73.79994 773.08092 -341.44565 -49.34820 0.03995 0.04396 0.14602 0.98750
73.89995 773.46989 -341.29059 -49.37462 0.03743 0.04295 0.15398 0.98643
73.99995 773.82669 -341.12836 -49.40687 0.03508 0.04147 0.16116 0.98543
74.09995 774.17724 -340.98295 -49.41796 0.03309 0.04053 0.16850 0.98431
74.19996 774.50153 -340.83793 -49.43584 0.03339 0.03979 0.17556 0.98310
74.29996 774.78769 -340.70860 -49.45772 0.03431 0.03861 0.18200 0.98194
74.39996 775.05554 -340.59884 -49.47058 0.03498 0.03822 0.18800 0.98080
74.49995 775.30041 -340.46131 -49.47201 0.03446 0.03781 0.19414 0.97964
74.59995 775.54096 -340.34398 -49.49806 0.03311 0.03629 0.19957 0.97865
74.69996 775.74567 -340.24723 -49.50431 0.03183 0.03553 0.20528 0.97754
74.79996 775.93693 -340.14738 -49.51197 0.03150 0.03593 0.20951 0.97664
74.89996 776.11459 -340.05289 -49.53134 0.03116 0.03556 0.21401 0.97569
74.99995 776.26170 -339.96505 -49.53247 0.03052 0.03509 0.21779 0.97489
75.09996 776.39033 -339.88729 -49.53517 0.03075 0.03550 0.22112 0.97412
75.19996 776.50579 -339.81267 -49.53924 0.03029 0.03547 0.22455 0.97335
75.29996 776.61119 -339.74749 -49.53733 0.02904 0.03497 0.22776 0.97266
75.39996 776.69923 -339.68432 -49.55873 0.02976 0.03454 0.23022 0.97207
75.49996 776.77648 -339.64418 -49.56806 0.03064 0.03450 0.23200 0.97162
75.59996 776.83948 -339.60883 -49.56209 0.03028 0.03382 0.23387 0.97121
75.69996 776.88607 -339.57358 -49.56145 0.03043 0.03339 0.23520 0.97090
75.79996 776.93646 -339.54019 -49.56291 0.03078 0.03330 0.23675 0.97051
75.89996 776.96660 -339.51212 -49.56863 0.03086 0.03330 0.23771 0.97027
75.99995 776.99874 -339.49554 -49.57033 0.03113 0.03319 0.23886 0.96999
76.09995 777.03078 -339.49105 -49.55966 0.03100 0.03334 0.23967 0.96979
76.19995 777.04451 -339.46602 -49.56621 0.03080 0.03281 0.24024 0.96967
76.29995 777.06675 -339.45857 -49.56835 0.03127 0.03294 0.24097 0.96947
76.39995 777.08181 -339.45430 -49.57072 0.03139 0.03239 0.24166 0.96931
76.49995 777.08833 -339.43839 -49.57402 0.03184 0.03187 0.24205 0.96922
76.59996 777.10286 -339.43049 -49.57440 0.03141 0.03115 0.24262 0.96911
76.69996 777.11779 -339.41262 -49.56821 0.03183 0.03107 0.24345 0.96889
76.79996 777.13350 -339.38901 -49.58026 0.03196 0.03078 0.24422 0.96871
76.89995 777.16770 -339.37729 -49.56941 0.03219 0.03108 0.24490 0.96852
76.99995 777.20221 -339.35690 -49.58786 0.03249 0.03079 0.24630 0.96816
77.09995 777.24143 -339.33376 -49.58691 0.03229 0.03082 0.24734 0.96790
77.19995 777.28290 -339.31148 -49.57265 0.03221 0.03095 0.24847 0.96761
77.29995 777.31628 -339.28249 -49.57754 0.03159 0.03055 0.24965 0.96734
77.39995 777.35296 -339.27600 -49.59562 0.03238 0.03102 0.25069 0.96703
77.49995 777.37758 -339.25261 -49.58327 0.03167 0.03102 0.25164 0.96680
77.59995 777.40194 -339.23230 -49.59143 0.03164 0.03080 0.25236 0.96663
77.69995 777.40691 -339.21902 -49.59196 0.03165 0.03072 0.25247 0.96660
77.79995 777.41661 -339.21132 -49.58421 0.03180 0.03094 0.25290 0.96647
77.89996 777.43097 -339.20738 -49.58964 0.03187 0.03079 0.25319 0.96640
77.99995 777.43014 -339.20328 -49.59267 0.03167 0.03040 0.25352 0.96633
78.09995 777.44156 -339.20571 -49.59532 0.03199 0.03059 0.25380 0.96624
78.19995 777.45079 -339.19166 -49.59651 0.03193 0.03032 0.25439 0.96610
78.29995 777.47297 -339.18498 -49.59467 0.03218 0.03031 0.25503 0.96592
78.39994 777.49078 -339.17063 -49.59122 0.03230 0.03044 0.25593 0.96568
78.49994 777.51550 -339.15318 -49.59404 0.03159 0.03000 0.25634 0.96560
78.59994 777.53881 -339.13970 -49.59279 0.03145 0.03004 0.25713 0.96540
78.69995 777.56581 -339.12803 -49.58877 0.03145 0.03056 0.25782 0.96520
78.79995 777.58478 -339.11604 -49.59612 0.03141 0.03061 0.25861 0.96499
78.89995 777.59919 -339.10640 -49.59765 0.03096 0.03021 0.25897 0.96492
78.99995 777.60190 -339.10773 -49.59727 0.03138 0.03052 0.25898 0.96489
79.09995 777.60619 -339.11069 -49.60018 0.03136 0.03034 0.25878 0.96495
79.19995 777.60379 -339.10903 -49.59917 0.03191 0.03034 0.25918 0.96482
79.29995 777.59405 -339.11058 -49.59635 0.03206 0.03027 0.25899 0.96487
79.39995 777.59287 -339.09843 -49.59017 0.03160 0.03042 0.25879 0.96494
79.49995 777.58445 -339.10702 -49.59726 0.03161 0.03033 0.25873 0.96496
79.59995 777.58097 -339.11167 -49.60425 0.03151 0.02987 0.25857 0.96502
79.69995 777.57610 -339.09817 -49.59612 0.03197 0.03040 0.25883 0.96492
79.79995 777.57194 -339.09957 -49.58848 0.03143 0.03014 0.25880 0.96495
79.89995 777.57546 -339.10562 -49.58855 0.03181 0.03052 0.25873 0.96494
79.99995 777.56731 -339.09545 -49.60338 0.03184 0.03011 0.25844 0.96503
80.09994 777.56895 -339.09497 -49.59083 0.03163 0.03027 0.25870 0.96496
80.19994 777.56828 -339.09616 -49.59165 0.03187 0.03053 0.25850 0.96500
80.29995 777.57186 -339.10622 -49.58945 0.03192 0.03052 0.25867 0.96495
80.39994 777.57061 -339.10043 -49.59778 0.03174 0.03038 0.25845 0.96502
80.49994 777.56703 -339.10443 -49.59825 0.03184 0.03039 0.25860 0.96498
80.59995 777.57512 -339.10504 -49.59433 0.03152 0.03025 0.25870 0.96497
80.69995 777.57400 -339.09859 -49.60087 0.03170 0.03027 0.25882 0.96493
80.79995 777.57166 -339.09373 -49.59165 0.03163 0.03038 0.25845 0.96503
80.89995 777.58260 -339.09949 -49.58605 0.03162 0.03061 0.25868 0.96496
80.99994 777.57758 -339.10170 -49.58505 0.03182 0.03064 0.25863 0.96497
81.09995 777.57990 -339.10588 -49.59002 0.03180 0.03054 0.25874 0.96494
81.19995 777.57854 -339.11153 -49.59574 0.03175 0.03041 0.25882 0.96492
81.29995 777.57915 -339.10623 -49.59925 0.03169 0.03032 0.25876 0.96495
81.39995 777.57220 -339.09574 -49.59617 0.03152 0.03011 0.25874 0.96496
81.49995 777.56883 -339.09446 -49.58297 0.03178 0.03066 0.25849 0.96501
81.59995 777.56716 -339.09735 -49.59500 0.03169 0.03038 0.25856 0.96500
81.69995 777.57229 -339.09769 -49.60655 0.03166 0.03011 0.25870 0.96497
81.79995 777.57314 -339.08972 -49.59566 0.03156 0.03022 0.25858 0.96500
81.89994 777.56997 -339.09676 -49.59868 0.03154 0.03008 0.25858 0.96501
81.99994 777.57487 -339.09482 -49.59426 0.03171 0.03034 0.25862 0.96498
82.09994 777.56687 -339.09260 -49.59530 0.03167 0.03026 0.25861 0.96499
82.19994 777.57517 -339.10395 -49.59769 0.03175 0.03028 0.25872 0.96496
82.29995 777.57580 -339.10675 -49.60008 0.03143 0.03009 0.25886 0.96494
82.39995 777.57807 -339.10066 -49.59223 0.03188 0.03047 0.25878 0.96493
82.49995 777.56915 -339.10056 -49.59277 0.03178 0.03056 0.25858 0.96498
82.59995 777.56860 -339.10668 -49.59644 0.03189 0.03030 0.25884 0.96492
82.69995 777.57368 -339.11649 -49.59575 0.03173 0.03021 0.25886 0.96492
82.79995 777.57184 -339.11097 -49.60052 0.03163 0.03004 0.25892 0.96491
82.89994 777.57233 -339.10395 -49.60146 0.03188 0.03000 0.25908 0.96486
82.99994 777.57303 -339.10349 -49.59769 0.03198 0.03009 0.25946 0.96476
83.09994 777.58267 -339.09303 -49.59852 0.03193 0.03002 0.25992 0.96464
83.19995 777.58534 -339.08397 -49.60349 0.03202 0.02980 0.26028 0.96454
83.29995 777.60225 -339.07820 -49.60381 0.03215 0.02992 0.26109 0.96432
83.39994 777.61181 -339.07606 -49.60087 0.03214 0.02981 0.26219 0.96402
83.49994 777.62640 -339.06839 -49.59898 0.03216 0.02993 0.26315 0.96375
