0.10376 0.64965 -0.18803 0.00504 -0.00043 -0.00150 -0.02504 0.99969
0.20759 1.27355 -0.27189 0.01000 0.00250 -0.00282 -0.03988 0.99920
0.31161 1.95035 -0.39939 0.02086 0.00128 -0.00417 -0.06154 0.99809
0.41509 2.76474 -0.54271 0.03321 0.00094 -0.00442 -0.08427 0.99643
0.51887 3.68199 -0.70104 0.05297 0.00226 -0.00441 -0.10552 0.99441
0.62269 4.61999 -0.90535 0.07368 0.00293 -0.00491 -0.12922 0.99160
0.72643 5.61152 -1.17303 0.09665 0.00568 -0.00661 -0.15222 0.98831
0.83017 6.60096 -1.46572 0.12269 0.00535 -0.00759 -0.17427 0.98465
0.93395 7.58853 -1.80220 0.15010 0.00666 -0.00739 -0.19789 0.98017
1.03770 8.51728 -2.16995 0.17635 0.00685 -0.00719 -0.22075 0.97528
1.14148 9.44409 -2.60936 0.20853 0.00647 -0.00672 -0.24450 0.96960
1.24514 10.32502 -3.08134 0.23197 0.00714 -0.00665 -0.26754 0.96350
1.34887 11.16525 -3.58990 0.25242 0.00799 -0.00650 -0.29077 0.95674
1.45273 11.95949 -4.14883 0.27141 0.00878 -0.00695 -0.31222 0.94994
1.55638 12.71940 -4.75540 0.28977 0.00993 -0.00727 -0.33417 0.94243
1.66009 13.45520 -5.39082 0.30754 0.01153 -0.00763 -0.35635 0.93425
1.76384 14.13725 -6.04386 0.32619 0.01087 -0.00726 -0.37713 0.92607
1.86771 14.80949 -6.73720 0.34084 0.01189 -0.00834 -0.39932 0.91670
1.97132 15.44761 -7.45777 0.35754 0.01330 -0.00928 -0.42121 0.90682
2.07494 16.03670 -8.18065 0.37441 0.01290 -0.00962 -0.44141 0.89716
2.17868 16.59472 -8.95818 0.39166 0.01318 -0.01125 -0.46216 0.88663
2.28243 17.12074 -9.77035 0.40599 0.01487 -0.01316 -0.48344 0.87515
2.38603 17.59927 -10.58994 0.42166 0.01546 -0.01374 -0.50184 0.86471
2.48965 18.03185 -11.43314 0.43200 0.01813 -0.01416 -0.52025 0.85371
2.59339 18.46021 -12.28903 0.44709 0.01858 -0.01512 -0.53750 0.84292
2.69701 18.85188 -13.18450 0.46104 0.01896 -0.01549 -0.55313 0.83273
2.80062 19.21431 -14.11749 0.46918 0.01963 -0.01470 -0.56740 0.82307
2.90439 19.52761 -15.05440 0.47312 0.02129 -0.01440 -0.58172 0.81298
3.00811 19.83088 -16.00216 0.48563 0.02094 -0.01451 -0.59601 0.80257
3.11172 20.11280 -16.95871 0.48977 0.01915 -0.01358 -0.60875 0.79301
3.21533 20.37374 -17.94186 0.49153 0.01956 -0.01412 -0.62137 0.78315
3.31907 20.59110 -18.93541 0.49620 0.02055 -0.01442 -0.63345 0.77338
3.42281 20.77810 -19.95647 0.49716 0.02152 -0.01418 -0.64540 0.76341
3.52655 20.93409 -20.98010 0.49351 0.02127 -0.01265 -0.65700 0.75348
3.63029 21.05177 -22.04301 0.48831 0.02186 -0.01298 -0.66788 0.74383
3.73392 21.15593 -23.11953 0.48082 0.02326 -0.01384 -0.67764 0.73490
3.83752 21.22098 -24.18529 0.47396 0.02496 -0.01529 -0.68642 0.72662
3.94129 21.26181 -25.29021 0.46726 0.02689 -0.01692 -0.69455 0.71874
4.04490 21.28748 -26.39957 0.45450 0.02931 -0.01810 -0.70123 0.71211
4.14862 21.27917 -27.53034 0.44314 0.03103 -0.01915 -0.70693 0.70634
4.25229 21.25608 -28.66438 0.42539 0.03231 -0.01972 -0.71230 0.70086
4.35597 21.22551 -29.80804 0.40926 0.03357 -0.01972 -0.71737 0.69561
4.45961 21.17051 -30.96211 0.39227 0.03416 -0.01907 -0.72182 0.69098
4.56322 21.11738 -32.11459 0.37765 0.03377 -0.01922 -0.72550 0.68713
4.66695 21.05304 -33.28568 0.35867 0.03292 -0.02031 -0.72987 0.68249
4.77056 20.97319 -34.48538 0.33174 0.03216 -0.02142 -0.73272 0.67943
4.87432 20.87279 -35.69756 0.31148 0.03201 -0.02213 -0.73612 0.67573
4.97797 20.76978 -36.91973 0.29287 0.03148 -0.02208 -0.73819 0.67349
5.08166 20.64031 -38.16940 0.27025 0.03124 -0.02233 -0.73998 0.67153
5.18527 20.51492 -39.45711 0.25217 0.03124 -0.02308 -0.74218 0.66907
5.28894 20.39244 -40.75821 0.23006 0.03037 -0.02326 -0.74342 0.66773
5.39262 20.26368 -42.06413 0.21118 0.03069 -0.02322 -0.74438 0.66665
5.49631 20.11316 -43.38431 0.19570 0.03101 -0.02269 -0.74607 0.66476
5.60003 19.94423 -44.75414 0.16722 0.03235 -0.02199 -0.74571 0.66512
5.70364 19.78406 -46.14341 0.14679 0.03229 -0.02230 -0.74696 0.66371
5.80734 19.59888 -47.56461 0.11481 0.03309 -0.02267 -0.74749 0.66306
5.91095 19.43354 -48.99216 0.08412 0.03322 -0.02320 -0.74769 0.66281
6.01472 19.24275 -50.45559 0.05687 0.03338 -0.02364 -0.74792 0.66253
6.11845 19.06218 -51.93067 0.02985 0.03286 -0.02391 -0.74780 0.66268
6.22193 18.89262 -53.41192 0.00510 0.03229 -0.02388 -0.74765 0.66288
6.32567 18.73742 -54.90463 -0.01370 0.03281 -0.02381 -0.74721 0.66335
6.42928 18.55807 -56.42380 -0.03891 0.03290 -0.02360 -0.74681 0.66380
6.53302 18.38024 -57.98836 -0.06545 0.03275 -0.02400 -0.74625 0.66443
6.63667 18.18511 -59.57485 -0.10025 0.03253 -0.02420 -0.74570 0.66505
6.74040 18.00107 -61.17078 -0.12136 0.03256 -0.02461 -0.74580 0.66492
6.84410 17.81465 -62.80071 -0.14918 0.03278 -0.02420 -0.74471 0.66614
6.94775 17.64830 -64.44224 -0.17554 0.03430 -0.02397 -0.74502 0.66573
7.05147 17.46414 -66.08465 -0.20047 0.03546 -0.02437 -0.74460 0.66612
7.15521 17.27625 -67.73178 -0.22976 0.03535 -0.02548 -0.74440 0.66631
7.25892 17.08773 -69.39407 -0.25639 0.03574 -0.02602 -0.74445 0.66621
7.36257 16.91060 -71.08642 -0.28495 0.03540 -0.02562 -0.74390 0.66686
7.46621 16.72831 -72.79068 -0.30997 0.03582 -0.02511 -0.74415 0.66658
7.56992 16.54663 -74.52323 -0.34325 0.03611 -0.02512 -0.74414 0.66658
7.67357 16.36683 -76.26055 -0.37605 0.03643 -0.02516 -0.74419 0.66650
7.77729 16.18015 -78.00887 -0.41086 0.03661 -0.02538 -0.74377 0.66694
7.88102 15.99466 -79.78396 -0.44350 0.03650 -0.02558 -0.74440 0.66624
7.98470 15.81001 -81.56327 -0.47384 0.03598 -0.02557 -0.74427 0.66641
8.08840 15.61198 -83.36481 -0.50534 0.03528 -0.02517 -0.74443 0.66629
8.19212 15.41546 -85.17690 -0.53149 0.03557 -0.02517 -0.74518 0.66543
8.29586 15.21933 -86.98203 -0.56338 0.03508 -0.02428 -0.74567 0.66495
8.39955 15.02017 -88.82532 -0.58792 0.03584 -0.02413 -0.74580 0.66476
8.50323 14.81213 -90.67902 -0.63203 0.03478 -0.02289 -0.74583 0.66483
8.60698 14.60081 -92.53481 -0.66874 0.03432 -0.02275 -0.74721 0.66331
8.71070 14.38340 -94.41359 -0.70960 0.03358 -0.02243 -0.74768 0.66283
8.81444 14.16727 -96.30203 -0.73531 0.03418 -0.02304 -0.74976 0.66043
8.91811 13.93983 -98.20343 -0.77323 0.03360 -0.02138 -0.75119 0.65888
9.02187 13.69609 -100.11934 -0.80647 0.03337 -0.02088 -0.75268 0.65721
9.12555 13.44562 -102.03606 -0.83860 0.03286 -0.02099 -0.75410 0.65560
9.22915 13.18761 -103.97832 -0.87419 0.03250 -0.02123 -0.75548 0.65402
9.33278 12.91058 -105.92050 -0.90764 0.03155 -0.02117 -0.75730 0.65197
9.43651 12.61241 -107.88287 -0.93357 0.03124 -0.02087 -0.75883 0.65021
9.54013 12.31558 -109.85866 -0.96909 0.03051 -0.01943 -0.76094 0.64781
9.64386 12.01697 -111.82918 -1.00105 0.03055 -0.01869 -0.76279 0.64565
9.74757 11.69208 -113.82702 -1.03853 0.03021 -0.01782 -0.76459 0.64357
9.85122 11.35648 -115.81724 -1.07406 0.03052 -0.01806 -0.76638 0.64141
9.95485 11.01317 -117.78359 -1.10822 0.03041 -0.01859 -0.76827 0.63914
10.05845 10.65200 -119.76671 -1.14548 0.03029 -0.01853 -0.76989 0.63719
10.16227 10.27543 -121.77467 -1.17922 0.03067 -0.01838 -0.77168 0.63500
10.26595 9.87846 -123.81460 -1.21719 0.03036 -0.01818 -0.77380 0.63244
10.36954 9.47945 -125.82558 -1.25400 0.03012 -0.01807 -0.77545 0.63043
10.47333 9.07264 -127.83962 -1.29324 0.02998 -0.01763 -0.77703 0.62851
10.57701 8.63414 -129.86022 -1.33473 0.03114 -0.01787 -0.77848 0.62664
10.68080 8.19239 -131.89440 -1.37542 0.03200 -0.01847 -0.77948 0.62534
10.78449 7.74686 -133.94925 -1.42476 0.03211 -0.01866 -0.78074 0.62375
10.88838 7.28789 -135.99109 -1.47170 0.03230 -0.01872 -0.78133 0.62300
10.99210 6.82015 -138.05468 -1.51839 0.03185 -0.01803 -0.78272 0.62129
11.09628 6.35533 -140.13115 -1.55962 0.03138 -0.01804 -0.78381 0.61995
11.19965 5.87697 -142.21043 -1.60974 0.03083 -0.01725 -0.78575 0.61753
11.30336 5.39042 -144.27557 -1.65613 0.03095 -0.01729 -0.78677 0.61622
11.40708 4.88877 -146.34666 -1.70126 0.03081 -0.01707 -0.78849 0.61404
11.51057 4.37602 -148.42080 -1.74742 0.03051 -0.01709 -0.78983 0.61233
11.61418 3.84537 -150.52065 -1.79474 0.03053 -0.01659 -0.79120 0.61057
11.71802 3.29197 -152.62337 -1.84329 0.03099 -0.01637 -0.79289 0.60836
11.82143 2.71629 -154.74947 -1.90063 0.03119 -0.01633 -0.79417 0.60667
11.92506 2.15298 -156.88421 -1.94962 0.03140 -0.01672 -0.79546 0.60496
12.02865 1.58891 -159.02392 -2.00079 0.03111 -0.01721 -0.79608 0.60415
12.13214 0.99797 -161.17272 -2.04947 0.03087 -0.01791 -0.79769 0.60202
12.23595 0.41096 -163.29337 -2.09597 0.03061 -0.01798 -0.79858 0.60084
12.33962 -0.19036 -165.40526 -2.14594 0.03016 -0.01762 -0.79966 0.59943
12.44323 -0.80956 -167.57705 -2.19688 0.03038 -0.01763 -0.80069 0.59805
12.54685 -1.44288 -169.73984 -2.24423 0.03043 -0.01767 -0.80203 0.59624
12.65059 -2.08155 -171.91442 -2.29560 0.03082 -0.01773 -0.80310 0.59478
12.75421 -2.73812 -174.06967 -2.34782 0.03214 -0.01875 -0.80412 0.59330
12.85782 -3.39814 -176.24281 -2.40157 0.03260 -0.01855 -0.80489 0.59224
12.96145 -4.07180 -178.45039 -2.45420 0.03243 -0.01796 -0.80566 0.59121
13.06505 -4.74081 -180.63625 -2.50950 0.03190 -0.01784 -0.80642 0.59021
13.16879 -5.43044 -182.83818 -2.56877 0.03082 -0.01822 -0.80749 0.58879
13.27241 -6.13832 -185.05789 -2.61863 0.03000 -0.01793 -0.80876 0.58710
13.37617 -6.84372 -187.26624 -2.66836 0.02920 -0.01805 -0.80967 0.58588
13.47977 -7.55539 -189.44405 -2.71623 0.02868 -0.01793 -0.81116 0.58384
13.58338 -8.26545 -191.64206 -2.76327 0.02887 -0.01777 -0.81209 0.58255
13.68700 -9.00716 -193.84782 -2.81164 0.02957 -0.01755 -0.81298 0.58128
13.79073 -9.74857 -196.04464 -2.86508 0.02949 -0.01680 -0.81365 0.58037
13.89444 -10.49993 -198.25904 -2.91311 0.02960 -0.01655 -0.81579 0.57736
13.99845 -11.26437 -200.48845 -2.96844 0.02899 -0.01624 -0.81645 0.57645
14.10180 -12.04686 -202.73676 -3.02084 0.02871 -0.01641 -0.81631 0.57667
14.20592 -12.85116 -205.01337 -3.07151 0.02877 -0.01630 -0.81839 0.57372
14.30920 -13.64995 -207.25654 -3.12069 0.02917 -0.01666 -0.81923 0.57248
14.41287 -14.47067 -209.51278 -3.17578 0.02999 -0.01658 -0.81988 0.57151
14.51654 -15.28795 -211.74639 -3.23140 0.03067 -0.01692 -0.82093 0.56995
14.62033 -16.11560 -213.99778 -3.28859 0.03084 -0.01721 -0.82168 0.56886
14.72368 -16.96000 -216.24867 -3.34485 0.03046 -0.01712 -0.82226 0.56804
14.82739 -17.81941 -218.49372 -3.40145 0.03016 -0.01698 -0.82302 0.56695
14.93163 -18.67735 -220.75189 -3.45682 0.02967 -0.01724 -0.82406 0.56546
15.03485 -19.52062 -222.98866 -3.50582 0.02907 -0.01692 -0.82496 0.56419
15.13855 -20.36040 -225.23045 -3.55388 0.02816 -0.01651 -0.82534 0.56369
15.24218 -21.22009 -227.47214 -3.60227 0.02876 -0.01693 -0.82633 0.56220
15.34573 -22.10418 -229.70670 -3.64994 0.02972 -0.01686 -0.82724 0.56081
15.44950 -22.99647 -231.95316 -3.70622 0.03020 -0.01650 -0.82786 0.55988
15.55307 -23.90030 -234.19476 -3.76357 0.02993 -0.01603 -0.82941 0.55762
15.65668 -24.80682 -236.44403 -3.82456 0.02934 -0.01539 -0.82990 0.55692
15.76042 -25.70369 -238.70491 -3.88067 0.02890 -0.01452 -0.83115 0.55511
15.86404 -26.61383 -240.93155 -3.93941 0.02904 -0.01391 -0.83174 0.55423
15.96778 -27.54115 -243.17175 -3.99971 0.02883 -0.01365 -0.83304 0.55230
16.07140 -28.47542 -245.40872 -4.05902 0.02895 -0.01328 -0.83442 0.55020
16.17517 -29.41030 -247.64799 -4.11966 0.02854 -0.01248 -0.83535 0.54884
16.27876 -30.36333 -249.86866 -4.17865 0.02850 -0.01240 -0.83674 0.54671
16.38237 -31.30786 -252.06625 -4.24135 0.02854 -0.01255 -0.83802 0.54474
16.48621 -32.28197 -254.23773 -4.30283 0.02877 -0.01268 -0.83849 0.54402
16.58973 -33.25935 -256.43115 -4.36896 0.02846 -0.01210 -0.84025 0.54131
16.69338 -34.23331 -258.62627 -4.43153 0.02797 -0.01156 -0.84096 0.54025
16.79696 -35.22903 -260.81414 -4.49844 0.02836 -0.01191 -0.84246 0.53788
16.90069 -36.23010 -263.00829 -4.56858 0.02867 -0.01248 -0.84333 0.53649
17.00432 -37.24927 -265.20078 -4.63815 0.02859 -0.01289 -0.84436 0.53486
17.10793 -38.27288 -267.39852 -4.70410 0.02865 -0.01363 -0.84516 0.53358
17.21226 -39.30873 -269.60505 -4.77119 0.02923 -0.01428 -0.84609 0.53205
17.31533 -40.36154 -271.82199 -4.83796 0.02906 -0.01554 -0.84664 0.53115
17.41895 -41.42229 -274.03876 -4.90550 0.02949 -0.01667 -0.84804 0.52885
17.52274 -42.48689 -276.26183 -4.97569 0.02951 -0.01693 -0.84879 0.52763
17.62628 -43.56123 -278.46599 -5.04754 0.02927 -0.01666 -0.84979 0.52605
17.73002 -44.64250 -280.68817 -5.11747 0.02898 -0.01650 -0.85082 0.52440
17.83361 -45.75609 -282.88625 -5.18751 0.02898 -0.01722 -0.85147 0.52332
17.93782 -46.87780 -285.13850 -5.25681 0.02854 -0.01665 -0.85256 0.52158
18.04102 -47.98852 -287.37339 -5.32163 0.02809 -0.01645 -0.85381 0.51956
18.14461 -49.11690 -289.60950 -5.39061 0.02894 -0.01689 -0.85432 0.51866
18.24822 -50.29656 -291.85776 -5.46402 0.02985 -0.01732 -0.85464 0.51808
18.35182 -51.46218 -294.11047 -5.53854 0.03034 -0.01725 -0.85531 0.51694
18.45567 -52.63199 -296.37716 -5.61671 0.03031 -0.01696 -0.85588 0.51601
18.55914 -53.83576 -298.66664 -5.69754 0.03067 -0.01677 -0.85641 0.51512
18.66305 -55.02869 -300.95764 -5.78343 0.03156 -0.01699 -0.85723 0.51368
18.76628 -56.25035 -303.24421 -5.86949 0.03166 -0.01679 -0.85796 0.51247
18.86992 -57.49006 -305.54198 -5.95607 0.03059 -0.01685 -0.85848 0.51165
18.97353 -58.73239 -307.84398 -6.03933 0.02959 -0.01685 -0.85962 0.50980
19.07714 -59.94896 -310.10779 -6.11786 0.02973 -0.01582 -0.86047 0.50839
19.18087 -61.18926 -312.40345 -6.20147 0.02975 -0.01437 -0.86164 0.50644
19.28453 -62.45612 -314.73023 -6.29146 0.02988 -0.01283 -0.86310 0.50398
19.38822 -63.75211 -317.05029 -6.38113 0.03033 -0.01262 -0.86450 0.50156
19.49184 -65.06758 -319.39473 -6.47860 0.03093 -0.01286 -0.86613 0.49869
19.59546 -66.40344 -321.72667 -6.58050 0.03123 -0.01377 -0.86693 0.49726
19.69907 -67.75743 -324.05803 -6.67868 0.03155 -0.01408 -0.86780 0.49570
19.80284 -69.11853 -326.38515 -6.77713 0.03243 -0.01367 -0.86930 0.49303
19.90642 -70.48538 -328.71392 -6.87948 0.03352 -0.01335 -0.87044 0.49096
20.01003 -71.87195 -331.01861 -6.97724 0.03350 -0.01235 -0.87171 0.48872
20.11365 -73.24920 -333.31509 -7.08021 0.03324 -0.01190 -0.87276 0.48687
20.21727 -74.63730 -335.60191 -7.18560 0.03422 -0.01195 -0.87427 0.48408
20.32088 -76.04888 -337.90601 -7.29253 0.03507 -0.01248 -0.87522 0.48229
20.42450 -77.46418 -340.18843 -7.40259 0.03542 -0.01191 -0.87639 0.48015
20.52812 -78.90388 -342.47506 -7.52111 0.03491 -0.01036 -0.87731 0.47853
20.63173 -80.37016 -344.77290 -7.64067 0.03569 -0.01036 -0.87814 0.47696
20.73535 -81.85160 -347.06647 -7.76866 0.03651 -0.01013 -0.87913 0.47507
20.83896 -83.32697 -349.36468 -7.89748 0.03539 -0.00826 -0.88005 0.47349
20.94258 -84.81411 -351.64081 -8.02416 0.03481 -0.00833 -0.88096 0.47183
21.04632 -86.29139 -353.90366 -8.14897 0.03348 -0.00634 -0.88182 0.47035
21.14994 -87.77150 -356.17374 -8.27337 0.03432 -0.00497 -0.88252 0.46899
21.25355 -89.26642 -358.42830 -8.40480 0.03489 -0.00502 -0.88352 0.46706
21.35717 -90.78928 -360.67625 -8.53195 0.03499 -0.00596 -0.88448 0.46522
21.46082 -92.31096 -362.92810 -8.67112 0.03451 -0.00356 -0.88522 0.46388
21.56462 -93.82466 -365.14916 -8.80380 0.03550 -0.00231 -0.88628 0.46179
21.66814 -95.36586 -367.38115 -8.94359 0.03607 -0.00175 -0.88689 0.46057
21.77179 -96.91315 -369.61525 -9.09611 0.03575 -0.00096 -0.88776 0.45891
21.87536 -98.47985 -371.84982 -9.24483 0.03561 -0.00007 -0.88865 0.45721
21.97904 -100.06827 -374.11208 -9.38706 0.03617 -0.00019 -0.88920 0.45608
22.08265 -101.66498 -376.35487 -9.53520 0.03660 0.00037 -0.89003 0.45443
22.18621 -103.26888 -378.61794 -9.68287 0.03486 0.00256 -0.89112 0.45242
22.29025 -104.86064 -380.85027 -9.82821 0.02993 0.00663 -0.89194 0.45111
22.39357 -106.44609 -383.05790 -9.96766 0.02553 0.00575 -0.89315 0.44899
22.49725 -108.05143 -385.24091 -10.08227 0.02812 -0.00062 -0.89343 0.44833
22.60085 -109.65603 -387.40598 -10.19597 0.03262 -0.00023 -0.89368 0.44752
22.70444 -111.26270 -389.55401 -10.32926 0.03727 0.00311 -0.89442 0.44567
22.80810 -112.87799 -391.72286 -10.51344 0.03812 0.00853 -0.89480 0.44475
22.91177 -114.50589 -393.91123 -10.70287 0.03793 0.01137 -0.89567 0.44295
23.01539 -116.13104 -396.08487 -10.88771 0.03856 0.01010 -0.89638 0.44148
23.11901 -117.76342 -398.25134 -11.06678 0.03862 0.00738 -0.89735 0.43957
23.22265 -119.40564 -400.37519 -11.23331 0.03728 0.00477 -0.89822 0.43794
23.32637 -121.06990 -402.52472 -11.39943 0.03709 0.00436 -0.89873 0.43691
23.43007 -122.72854 -404.65793 -11.56314 0.03719 0.00491 -0.89989 0.43451
23.53371 -124.39914 -406.79112 -11.73301 0.03843 0.00469 -0.90054 0.43304
23.63732 -126.05785 -408.90748 -11.90350 0.03892 0.00494 -0.90112 0.43180
23.74108 -127.70685 -410.98535 -12.07482 0.03900 0.00500 -0.90172 0.43053
23.84468 -129.38193 -413.08193 -12.25060 0.03935 0.00458 -0.90205 0.42980
23.94843 -131.07483 -415.19899 -12.42240 0.04032 0.00408 -0.90223 0.42935
24.05212 -132.76851 -417.30638 -12.60138 0.04160 0.00401 -0.90254 0.42858
24.15565 -134.45801 -419.40174 -12.78549 0.04324 0.00383 -0.90283 0.42781
24.25939 -136.13979 -421.47544 -12.98125 0.04419 0.00365 -0.90322 0.42689
24.36300 -137.83269 -423.56163 -13.17794 0.04271 0.00442 -0.90353 0.42637
24.46662 -139.52373 -425.65907 -13.36468 0.04073 0.00558 -0.90392 0.42571
24.57024 -141.22598 -427.73826 -13.54732 0.03990 0.00630 -0.90432 0.42494
24.67387 -142.91491 -429.81266 -13.73062 0.04017 0.00727 -0.90466 0.42417
24.77759 -144.60737 -431.89226 -13.91225 0.03949 0.00779 -0.90486 0.42380
24.88121 -146.31556 -433.97772 -14.09999 0.03868 0.00907 -0.90502 0.42350
24.98488 -148.00791 -436.04123 -14.27996 0.03957 0.00908 -0.90524 0.42295
25.08832 -149.72979 -438.12030 -14.46698 0.04081 0.00977 -0.90535 0.42258
25.19195 -151.44656 -440.18546 -14.66710 0.04360 0.00915 -0.90509 0.42287
25.29556 -153.15624 -442.26112 -14.87892 0.04728 0.00852 -0.90474 0.42325
25.39916 -154.86634 -444.32154 -15.10381 0.04905 0.00837 -0.90427 0.42405
25.50278 -156.56282 -446.37676 -15.34131 0.04608 0.01119 -0.90406 0.42476
25.60639 -158.23792 -448.45433 -15.55849 0.04222 0.01353 -0.90376 0.42573
25.71001 -159.90030 -450.53849 -15.76424 0.04139 0.01475 -0.90305 0.42728
25.81362 -161.57217 -452.60963 -15.96527 0.04095 0.01486 -0.90225 0.42901
25.91726 -163.23738 -454.70167 -16.17347 0.04237 0.01381 -0.90130 0.43090
26.02085 -164.92678 -456.79199 -16.38980 0.04209 0.01365 -0.90071 0.43217
26.12448 -166.57798 -458.89470 -16.59836 0.04007 0.01527 -0.90029 0.43318
26.22810 -168.22864 -461.00385 -16.80664 0.03906 0.01907 -0.89970 0.43434
26.33173 -169.86135 -463.11441 -17.00893 0.03748 0.02317 -0.89934 0.43503
26.43544 -171.48547 -465.23168 -17.21758 0.03577 0.02518 -0.89917 0.43541
26.53906 -173.13388 -467.34610 -17.41825 0.03569 0.02500 -0.89885 0.43609
26.64267 -174.78033 -469.45799 -17.62426 0.03760 0.02426 -0.89852 0.43664
26.74631 -176.42925 -471.56480 -17.84133 0.03896 0.02485 -0.89809 0.43738
26.84992 -178.07344 -473.67268 -18.06665 0.03890 0.02597 -0.89788 0.43775
26.95353 -179.68623 -475.76539 -18.28990 0.03806 0.02671 -0.89774 0.43806
27.05726 -181.29415 -477.86727 -18.50797 0.03711 0.02644 -0.89738 0.43890
27.16089 -182.90423 -479.96590 -18.72307 0.03728 0.02621 -0.89687 0.43995
27.26453 -184.53320 -482.09244 -18.93191 0.03841 0.02537 -0.89659 0.44047
27.36823 -186.16361 -484.22289 -19.14691 0.03907 0.02521 -0.89603 0.44155
27.47185 -187.78130 -486.36307 -19.37582 0.03962 0.02550 -0.89576 0.44204
27.57548 -189.40067 -488.51045 -19.60443 0.03973 0.02599 -0.89543 0.44267
27.67920 -191.02463 -490.66442 -19.83589 0.04042 0.02629 -0.89524 0.44297
27.78284 -192.64544 -492.80101 -20.06441 0.04044 0.02659 -0.89506 0.44332
27.88656 -194.24505 -494.94074 -20.29831 0.03970 0.02645 -0.89491 0.44369
27.99017 -195.83915 -497.06128 -20.52662 0.03989 0.02609 -0.89479 0.44393
28.09379 -197.42852 -499.17737 -20.75125 0.04070 0.02648 -0.89449 0.44444
28.19741 -199.01011 -501.29417 -20.97770 0.04087 0.02704 -0.89450 0.44438
28.30102 -200.58453 -503.39258 -21.21193 0.04103 0.02796 -0.89453 0.44425
28.40464 -202.17273 -505.52071 -21.44994 0.04105 0.02821 -0.89444 0.44440
28.50825 -203.75835 -507.64439 -21.68996 0.04109 0.02802 -0.89451 0.44427
28.61187 -205.35147 -509.77883 -21.92576 0.04175 0.02815 -0.89462 0.44399
28.71563 -206.96839 -511.91826 -22.16889 0.04239 0.02874 -0.89464 0.44385
28.81923 -208.56736 -514.05392 -22.41584 0.04277 0.02961 -0.89461 0.44381
28.92284 -210.16474 -516.19646 -22.66662 0.04299 0.02976 -0.89468 0.44364
29.02646 -211.76775 -518.33717 -22.91997 0.04259 0.03003 -0.89476 0.44351
29.13007 -213.36582 -520.46993 -23.17043 0.04268 0.02984 -0.89483 0.44336
29.23384 -214.96709 -522.59983 -23.42137 0.04310 0.02942 -0.89468 0.44365
29.33743 -216.55873 -524.71535 -23.67203 0.04331 0.02976 -0.89452 0.44392
29.44104 -218.15591 -526.84547 -23.91549 0.04276 0.03009 -0.89467 0.44365
29.54466 -219.74064 -528.97074 -24.16485 0.04281 0.03032 -0.89454 0.44391
29.64826 -221.31355 -531.08596 -24.41870 0.04335 0.03068 -0.89440 0.44411
29.75201 -222.90237 -533.19438 -24.66736 0.04419 0.03087 -0.89449 0.44383
29.85562 -224.49745 -535.31338 -24.93119 0.04488 0.03122 -0.89442 0.44388
29.95912 -226.08501 -537.43670 -25.19433 0.04477 0.03092 -0.89415 0.44444
30.06273 -227.68560 -539.57028 -25.45632 0.04497 0.03040 -0.89419 0.44439
30.16635 -229.29199 -541.70314 -25.71629 0.04534 0.03105 -0.89405 0.44458
30.26996 -230.88360 -543.84058 -25.98875 0.04551 0.03160 -0.89425 0.44412
30.37358 -232.47761 -545.98357 -26.25888 0.04549 0.03162 -0.89411 0.44441
30.47722 -234.06459 -548.10906 -26.52708 0.04564 0.03198 -0.89408 0.44442
30.58081 -235.65214 -550.22963 -26.79299 0.04631 0.03256 -0.89409 0.44430
30.68447 -237.22047 -552.33398 -27.06275 0.04727 0.03311 -0.89414 0.44406
30.78817 -238.79618 -554.43965 -27.34007 0.04712 0.03341 -0.89418 0.44396
30.89178 -240.38460 -556.55332 -27.62123 0.04594 0.03326 -0.89437 0.44372
30.99556 -241.95102 -558.66159 -27.88872 0.04513 0.03284 -0.89418 0.44421
31.09914 -243.53729 -560.78536 -28.15783 0.04576 0.03308 -0.89408 0.44433
31.20276 -245.12702 -562.90511 -28.42925 0.04711 0.03325 -0.89410 0.44414
31.30652 -246.71869 -565.02244 -28.71020 0.04803 0.03323 -0.89415 0.44395
31.41011 -248.32799 -567.15227 -28.99763 0.04796 0.03292 -0.89408 0.44410
31.51385 -249.92850 -569.28616 -29.28313 0.04797 0.03267 -0.89409 0.44412
31.61747 -251.52493 -571.42277 -29.56891 0.04812 0.03243 -0.89397 0.44435
31.72125 -253.11399 -573.55105 -29.85212 0.04885 0.03246 -0.89392 0.44437
31.82482 -254.72341 -575.70099 -30.14103 0.04980 0.03261 -0.89393 0.44423
31.92857 -256.33765 -577.85361 -30.43098 0.04993 0.03315 -0.89384 0.44436
32.03219 -257.93573 -579.98074 -30.72717 0.05014 0.03303 -0.89395 0.44413
32.13593 -259.53917 -582.11703 -31.02042 0.05103 0.03302 -0.89383 0.44427
32.23954 -261.13474 -584.25864 -31.32012 0.05127 0.03342 -0.89373 0.44440
32.34333 -262.71846 -586.38683 -31.61882 0.05141 0.03443 -0.89352 0.44474
32.44703 -264.30491 -588.51906 -31.92372 0.05142 0.03530 -0.89350 0.44471
32.55078 -265.88166 -590.62314 -32.22346 0.05080 0.03472 -0.89344 0.44494
32.65437 -267.45385 -592.74441 -32.52364 0.05139 0.03390 -0.89304 0.44574
32.75813 -269.01044 -594.84801 -32.81570 0.05158 0.03371 -0.89279 0.44623
32.86174 -270.59265 -596.96756 -33.11440 0.05221 0.03425 -0.89262 0.44647
32.96570 -272.15972 -599.08556 -33.41628 0.05268 0.03427 -0.89235 0.44694
33.07050 -273.73023 -601.20834 -33.71803 0.05220 0.03433 -0.89233 0.44704
33.17292 -275.30324 -603.35127 -34.02605 0.05239 0.03460 -0.89197 0.44771
33.27645 -276.88244 -605.49299 -34.33383 0.05245 0.03491 -0.89187 0.44789
33.38005 -278.45966 -607.64396 -34.64580 0.05275 0.03537 -0.89161 0.44833
33.48381 -280.01684 -609.76210 -34.95317 0.05263 0.03576 -0.89151 0.44851
33.58762 -281.56171 -611.87835 -35.26148 0.05247 0.03673 -0.89137 0.44872
33.69122 -283.11028 -614.01015 -35.57095 0.05179 0.03725 -0.89106 0.44939
33.79494 -284.67830 -616.15199 -35.88492 0.05173 0.03739 -0.89107 0.44935
33.89864 -286.24911 -618.30251 -36.19635 0.05255 0.03736 -0.89116 0.44908
34.00238 -287.81305 -620.44412 -36.51365 0.05318 0.03783 -0.89133 0.44864
34.10599 -289.37338 -622.58555 -36.83706 0.05327 0.03854 -0.89124 0.44875
34.20973 -290.91880 -624.71779 -37.15976 0.05265 0.03857 -0.89137 0.44855
34.31353 -292.47350 -626.83898 -37.47732 0.05194 0.03803 -0.89132 0.44878
34.41710 -294.02727 -628.95570 -37.78793 0.05198 0.03762 -0.89134 0.44877
34.52083 -295.57137 -631.06780 -38.09485 0.05244 0.03753 -0.89134 0.44872
34.62445 -297.13998 -633.21103 -38.40891 0.05316 0.03797 -0.89101 0.44927
34.72806 -298.70173 -635.34953 -38.73160 0.05426 0.03781 -0.89096 0.44924
34.83180 -300.27272 -637.50442 -39.05468 0.05417 0.03804 -0.89092 0.44930
34.93542 -301.82332 -639.63066 -39.37773 0.05408 0.03811 -0.89080 0.44954
35.03915 -303.36904 -641.75419 -39.69580 0.05394 0.03838 -0.89068 0.44979
35.14278 -304.93569 -643.89524 -40.02625 0.05428 0.03858 -0.89048 0.45012
35.24652 -306.50934 -646.05206 -40.35471 0.05468 0.03881 -0.89045 0.45012
35.35013 -308.06817 -648.20831 -40.67577 0.05472 0.03891 -0.89028 0.45044
35.45400 -309.62812 -650.34985 -41.00174 0.05455 0.03916 -0.89024 0.45052
35.55743 -311.19585 -652.49877 -41.33425 0.05445 0.03911 -0.89016 0.45068
35.66109 -312.74024 -654.63662 -41.66101 0.05488 0.03919 -0.89011 0.45074
35.76477 -314.28934 -656.77607 -41.99019 0.05562 0.03960 -0.89000 0.45082
35.86833 -315.81613 -658.90199 -42.31513 0.05566 0.03933 -0.88975 0.45134
35.97207 -317.36143 -661.03052 -42.64818 0.05503 0.03943 -0.88971 0.45148
36.07584 -318.90497 -663.16937 -42.97061 0.05508 0.03851 -0.88946 0.45204
36.17953 -320.45379 -665.30450 -43.29629 0.05584 0.03846 -0.88942 0.45204
36.28328 -321.99369 -667.44619 -43.62903 0.05646 0.03875 -0.88918 0.45240
36.38684 -323.55657 -669.60904 -43.96526 0.05678 0.03920 -0.88896 0.45275
36.49055 -325.09974 -671.76232 -44.30089 0.05709 0.03916 -0.88894 0.45276
36.59414 -326.64093 -673.91296 -44.64082 0.05718 0.03948 -0.88876 0.45307
36.69776 -328.17550 -676.06112 -44.97625 0.05668 0.03941 -0.88870 0.45326
36.80150 -329.72226 -678.21757 -45.32129 0.05653 0.03944 -0.88857 0.45353
36.90521 -331.25619 -680.37183 -45.65814 0.05626 0.03944 -0.88843 0.45383
37.00885 -332.77195 -682.49579 -45.98919 0.05607 0.03988 -0.88870 0.45330
37.11259 -334.29106 -684.62123 -46.32319 0.05675 0.03983 -0.88856 0.45349
37.21633 -335.83492 -686.74897 -46.65790 0.05667 0.04036 -0.88850 0.45358
37.31995 -337.35938 -688.91011 -47.00244 0.05642 0.04093 -0.88841 0.45372
37.42372 -338.88395 -691.06871 -47.34489 0.05619 0.04147 -0.88859 0.45336
37.52730 -340.41235 -693.21144 -47.68237 0.05604 0.04132 -0.88861 0.45334
37.63105 -341.97346 -695.36193 -48.02667 0.05674 0.04144 -0.88883 0.45283
37.73466 -343.51822 -697.52104 -48.37401 0.05761 0.04142 -0.88889 0.45260
37.83840 -345.05471 -699.65358 -48.72047 0.05792 0.04141 -0.88904 0.45226
37.94202 -346.60179 -701.78467 -49.06712 0.05795 0.04170 -0.88905 0.45222
38.04563 -348.13335 -703.93845 -49.41821 0.05756 0.04166 -0.88902 0.45232
38.14925 -349.66174 -706.07507 -49.76764 0.05791 0.04117 -0.88902 0.45231
38.25287 -351.20404 -708.22101 -50.12153 0.05826 0.04064 -0.88878 0.45279
38.35648 -352.76594 -710.37333 -50.46917 0.05871 0.04021 -0.88878 0.45277
38.46010 -354.31054 -712.53523 -50.82257 0.05919 0.04006 -0.88853 0.45321
38.56371 -355.84533 -714.67925 -51.16987 0.05931 0.03990 -0.88839 0.45349
38.66731 -357.37696 -716.81822 -51.51781 0.05882 0.04045 -0.88840 0.45348
38.77106 -358.89577 -718.95587 -51.86814 0.05871 0.04054 -0.88808 0.45411
38.87476 -360.43912 -721.11325 -52.21604 0.05844 0.04083 -0.88792 0.45444
38.97830 -361.94972 -723.24418 -52.56217 0.05902 0.04098 -0.88782 0.45455
39.08202 -363.47058 -725.38933 -52.91238 0.06001 0.04125 -0.88729 0.45543
39.18565 -364.99829 -727.53083 -53.26846 0.06069 0.04091 -0.88726 0.45543
39.28926 -366.52600 -729.67714 -53.63172 0.06097 0.04053 -0.88718 0.45559
39.39288 -368.06024 -731.85024 -53.99568 0.06113 0.03994 -0.88690 0.45615
39.49650 -369.59040 -733.99606 -54.35218 0.06040 0.03996 -0.88685 0.45634
39.60024 -371.10851 -736.14970 -54.70117 0.06006 0.03954 -0.88663 0.45686
39.70385 -372.62339 -738.29371 -55.05931 0.06021 0.03960 -0.88651 0.45707
39.80760 -374.13302 -740.45798 -55.41468 0.06048 0.03890 -0.88624 0.45760
39.91134 -375.64292 -742.61514 -55.76411 0.06053 0.03959 -0.88599 0.45804
40.01495 -377.16231 -744.78019 -56.12153 0.06016 0.04097 -0.88575 0.45841
40.11869 -378.67215 -746.93621 -56.48278 0.05987 0.04161 -0.88558 0.45873
40.22233 -380.18174 -749.10326 -56.84219 0.05977 0.04131 -0.88572 0.45850
40.32592 -381.68144 -751.25829 -57.20050 0.06023 0.04043 -0.88527 0.45939
40.42966 -383.18295 -753.42549 -57.55974 0.05990 0.04018 -0.88498 0.46001
40.53328 -384.68086 -755.58159 -57.91285 0.06061 0.04031 -0.88513 0.45961
40.63702 -386.19217 -757.75324 -58.27055 0.06105 0.04123 -0.88491 0.45990
40.74063 -387.69236 -759.91801 -58.64005 0.06115 0.04223 -0.88512 0.45938
40.84427 -389.20086 -762.09155 -59.00843 0.06010 0.04300 -0.88515 0.45939
40.94799 -390.69769 -764.25092 -59.36751 0.05949 0.04276 -0.88510 0.45959
41.05160 -392.20063 -766.41262 -59.72938 0.06075 0.04248 -0.88491 0.45982
41.15522 -393.71770 -768.57390 -60.09635 0.06186 0.04187 -0.88469 0.46016
41.25896 -395.23110 -770.75572 -60.47289 0.06256 0.04080 -0.88452 0.46048
41.36257 -396.72365 -772.91859 -60.84288 0.06221 0.04026 -0.88442 0.46077
41.46632 -398.22006 -775.08120 -61.21058 0.06128 0.03988 -0.88425 0.46125
41.56992 -399.70161 -777.24990 -61.56763 0.06080 0.03906 -0.88402 0.46183
41.67355 -401.18899 -779.41537 -61.92844 0.06132 0.03939 -0.88361 0.46252
41.77729 -402.69987 -781.58814 -62.29139 0.06194 0.03996 -0.88354 0.46252
41.88090 -404.17306 -783.74774 -62.65717 0.06201 0.04053 -0.88313 0.46325
41.98464 -405.65440 -785.92218 -63.02346 0.06179 0.04077 -0.88287 0.46374
42.08838 -407.12610 -788.08308 -63.38640 0.06181 0.04087 -0.88275 0.46396
42.19200 -408.61916 -790.27764 -63.76133 0.06198 0.04110 -0.88235 0.46468
42.29564 -410.08934 -792.45366 -64.12514 0.06173 0.04114 -0.88209 0.46520
42.39935 -411.56549 -794.63510 -64.49422 0.06157 0.04124 -0.88210 0.46519
42.50297 -413.07779 -796.84587 -64.86246 0.06172 0.04090 -0.88195 0.46549
42.60658 -414.57092 -799.05621 -65.23773 0.06211 0.04125 -0.88177 0.46575
42.71020 -416.03534 -801.23243 -65.60384 0.06248 0.04216 -0.88174 0.46567
42.81381 -417.50563 -803.42343 -65.97624 0.06218 0.04303 -0.88161 0.46588
42.91743 -418.97279 -805.60852 -66.34858 0.06158 0.04326 -0.88183 0.46552
43.02117 -420.44447 -807.78700 -66.71675 0.06132 0.04338 -0.88207 0.46509
43.12479 -421.90593 -809.96466 -67.08275 0.06143 0.04345 -0.88228 0.46467
43.22840 -423.36033 -812.11690 -67.45184 0.06198 0.04275 -0.88236 0.46451
43.33203 -424.83580 -814.26493 -67.81367 0.06267 0.04215 -0.88261 0.46399
43.43564 -426.31080 -816.44016 -68.19015 0.06328 0.04220 -0.88251 0.46410
43.53925 -427.78443 -818.62706 -68.57051 0.06387 0.04267 -0.88284 0.46334
43.64287 -429.27188 -820.80743 -68.94668 0.06330 0.04301 -0.88250 0.46405
43.74648 -430.74148 -822.98078 -69.32643 0.06236 0.04321 -0.88279 0.46359
43.85009 -432.21078 -825.13743 -69.69754 0.06178 0.04274 -0.88256 0.46416
43.95373 -433.69631 -827.31084 -70.06493 0.06180 0.04243 -0.88269 0.46393
44.05745 -435.16648 -829.47899 -70.43168 0.06216 0.04247 -0.88233 0.46458
44.16107 -436.62969 -831.61924 -70.79822 0.06296 0.04259 -0.88239 0.46434
44.26468 -438.07855 -833.76809 -71.17245 0.06335 0.04267 -0.88198 0.46506
44.36829 -439.52719 -835.89944 -71.54671 0.06399 0.04208 -0.88167 0.46561
44.47193 -440.98804 -838.05540 -71.92148 0.06445 0.04183 -0.88157 0.46576
44.57553 -442.43049 -840.19174 -72.29399 0.06470 0.04200 -0.88107 0.46666
44.67914 -443.89007 -842.35846 -72.67143 0.06493 0.04186 -0.88082 0.46710
44.78291 -445.34875 -844.54084 -73.05633 0.06543 0.04183 -0.88048 0.46768
44.88650 -446.79405 -846.71616 -73.43736 0.06583 0.04200 -0.88004 0.46844
44.99011 -448.23714 -848.89881 -73.82768 0.06641 0.04266 -0.87959 0.46914
45.09374 -449.69189 -851.08300 -74.22057 0.06634 0.04319 -0.87933 0.46959
45.19735 -451.14786 -853.27698 -74.61560 0.06583 0.04353 -0.87918 0.46991
45.30098 -452.60006 -855.47745 -75.01500 0.06621 0.04349 -0.87887 0.47045
45.40471 -454.05062 -857.68955 -75.41225 0.06671 0.04328 -0.87858 0.47092
45.50832 -455.49834 -859.89703 -75.81355 0.06692 0.04345 -0.87873 0.47061
45.61207 -456.93323 -862.09115 -76.21041 0.06758 0.04391 -0.87857 0.47076
45.71567 -458.37850 -864.29582 -76.62053 0.06826 0.04493 -0.87862 0.47048
45.81942 -459.82196 -866.48614 -77.02806 0.06813 0.04598 -0.87852 0.47059
45.92303 -461.24119 -868.66640 -77.43679 0.06754 0.04651 -0.87854 0.47058
46.02665 -462.68545 -870.86420 -77.84438 0.06721 0.04602 -0.87833 0.47106
46.13028 -464.13625 -873.07302 -78.25367 0.06762 0.04693 -0.87825 0.47107
46.23390 -465.55623 -875.24782 -78.65968 0.06772 0.04760 -0.87813 0.47121
46.33749 -466.97804 -877.42511 -79.07103 0.06746 0.04697 -0.87816 0.47126
46.44113 -468.42264 -879.62791 -79.47951 0.06774 0.04650 -0.87795 0.47165
46.54472 -469.86469 -881.82545 -79.88765 0.06870 0.04611 -0.87796 0.47152
46.64834 -471.32493 -884.04878 -80.31021 0.07007 0.04665 -0.87753 0.47208
46.75209 -472.78157 -886.27324 -80.72808 0.07079 0.04685 -0.87750 0.47201
46.85570 -474.24368 -888.50845 -81.15779 0.07132 0.04756 -0.87745 0.47194
46.95944 -475.69437 -890.74448 -81.59174 0.07167 0.04785 -0.87728 0.47219
47.06306 -477.13783 -892.97920 -82.02441 0.07156 0.04737 -0.87700 0.47276
47.16655 -478.58232 -895.19393 -82.45291 0.07205 0.04633 -0.87674 0.47328
47.27016 -480.01937 -897.39756 -82.87890 0.07295 0.04558 -0.87617 0.47426
47.37377 -481.44165 -899.59110 -83.30316 0.07366 0.04565 -0.87597 0.47451
47.47739 -482.86548 -901.80686 -83.73390 0.07450 0.04578 -0.87562 0.47501
47.58103 -484.29180 -904.01560 -84.16297 0.07518 0.04593 -0.87520 0.47567
47.68477 -485.69545 -906.20628 -84.59381 0.07595 0.04612 -0.87493 0.47602
47.78931 -487.08813 -908.40180 -85.02999 0.07576 0.04680 -0.87441 0.47695
47.89209 -488.46921 -910.59068 -85.46288 0.07538 0.04735 -0.87407 0.47757
47.99584 -489.84785 -912.77676 -85.89966 0.07558 0.04744 -0.87387 0.47790
48.09949 -491.22855 -914.96451 -86.33507 0.07592 0.04764 -0.87343 0.47864
48.20320 -492.60254 -917.14249 -86.77033 0.07612 0.04718 -0.87312 0.47920
48.30682 -493.99149 -919.34918 -87.20639 0.07632 0.04716 -0.87281 0.47974
48.41045 -495.37992 -921.55219 -87.64891 0.07739 0.04706 -0.87257 0.48002
48.51417 -496.75398 -923.75599 -88.09523 0.07782 0.04768 -0.87223 0.48050
48.61780 -498.12521 -925.94861 -88.54275 0.07824 0.04780 -0.87210 0.48067
48.72166 -499.48192 -928.13509 -88.99249 0.07811 0.04823 -0.87192 0.48097
48.82516 -500.82894 -930.31093 -89.43442 0.07825 0.04786 -0.87154 0.48167
48.92878 -502.19081 -932.50868 -89.88574 0.07781 0.04908 -0.87149 0.48170
49.03237 -503.54440 -934.69107 -90.33138 0.07792 0.04874 -0.87135 0.48198
49.13600 -504.88488 -936.86149 -90.77006 0.07791 0.04793 -0.87136 0.48204
49.23948 -506.22922 -939.02757 -91.21592 0.07776 0.04755 -0.87130 0.48222
49.34322 -507.55863 -941.18254 -91.65455 0.07928 0.04733 -0.87101 0.48251
49.44671 -508.91223 -943.35257 -92.11051 0.08006 0.04887 -0.87085 0.48252
49.55058 -510.24197 -945.53276 -92.57134 0.07886 0.04869 -0.87100 0.48247
49.65411 -511.57238 -947.71169 -93.02132 0.07535 0.04839 -0.87110 0.48287
49.75756 -512.92917 -949.89404 -93.45426 0.07488 0.04816 -0.87138 0.48247
49.86116 -514.26231 -952.04711 -93.88668 0.07792 0.04991 -0.87081 0.48284
49.96478 -515.58896 -954.21353 -94.33779 0.07989 0.05073 -0.87045 0.48307
50.06853 -516.92920 -956.39942 -94.80890 0.08113 0.05055 -0.87043 0.48292
50.17201 -518.27451 -958.57088 -95.28220 0.08125 0.05025 -0.87023 0.48329
50.27565 -519.61757 -960.74783 -95.75006 0.08166 0.05025 -0.86994 0.48374
50.37937 -520.96330 -962.93562 -96.22207 0.08262 0.05052 -0.86988 0.48367
50.48300 -522.30635 -965.12568 -96.69868 0.08305 0.05108 -0.86962 0.48400
50.58661 -523.64750 -967.31646 -97.17993 0.08268 0.05106 -0.86954 0.48422
50.69023 -524.97497 -969.50879 -97.65439 0.08287 0.04994 -0.86932 0.48469
50.79395 -526.30766 -971.68787 -98.12843 0.08301 0.04990 -0.86895 0.48532
50.89757 -527.64792 -973.87769 -98.60335 0.08371 0.04959 -0.86856 0.48594
51.00131 -528.98804 -976.08406 -99.09286 0.08366 0.04982 -0.86829 0.48640
51.10507 -530.31936 -978.27727 -99.56903 0.08381 0.04929 -0.86822 0.48655
51.20867 -531.64845 -980.47251 -100.04518 0.08410 0.04973 -0.86791 0.48701
51.31245 -532.97119 -982.68208 -100.53023 0.08499 0.04985 -0.86761 0.48739
51.41604 -534.30731 -984.90143 -101.01832 0.08553 0.05002 -0.86740 0.48765
51.51976 -535.63885 -987.12875 -101.51348 0.08671 0.05101 -0.86716 0.48776
51.62338 -536.94963 -989.33534 -102.01462 0.08837 0.05227 -0.86671 0.48814
51.72712 -538.25937 -991.53040 -102.52585 0.08907 0.05312 -0.86647 0.48835
51.83073 -539.59413 -993.73982 -103.04334 0.08855 0.05409 -0.86650 0.48827
51.93450 -540.90593 -995.94997 -103.54915 0.08827 0.05236 -0.86664 0.48826
52.03809 -542.21018 -998.15225 -104.05513 0.08908 0.05134 -0.86641 0.48863
52.14183 -543.52327 -1000.36445 -104.55814 0.08893 0.05092 -0.86661 0.48836
52.24544 -544.81869 -1002.55529 -105.05662 0.08860 0.05217 -0.86647 0.48852
52.34918 -546.13992 -1004.75975 -105.56478 0.08786 0.05339 -0.86657 0.48835
52.45295 -547.44393 -1006.96808 -106.07569 0.08725 0.05358 -0.86661 0.48837
52.55666 -548.74415 -1009.15591 -106.57088 0.08780 0.05266 -0.86660 0.48839
52.66028 -550.05238 -1011.34344 -107.07466 0.08916 0.05165 -0.86651 0.48840
52.76390 -551.38463 -1013.55589 -107.58579 0.08954 0.05076 -0.86646 0.48853
52.86764 -552.71278 -1015.76360 -108.09547 0.08946 0.05045 -0.86655 0.48841
52.97127 -554.00542 -1017.95473 -108.59610 0.08984 0.05063 -0.86630 0.48877
53.07487 -555.30906 -1020.14532 -109.10160 0.09029 0.05075 -0.86609 0.48904
53.17848 -556.61693 -1022.32645 -109.60315 0.08991 0.05093 -0.86599 0.48927
53.28224 -557.92058 -1024.52296 -110.10469 0.08943 0.05093 -0.86596 0.48941
53.38584 -559.21704 -1026.72659 -110.61107 0.08942 0.05097 -0.86552 0.49018
53.48946 -560.49175 -1028.90987 -111.10830 0.09023 0.05118 -0.86531 0.49039
53.59309 -561.79177 -1031.11273 -111.61327 0.09129 0.05186 -0.86511 0.49048
53.69668 -563.09822 -1033.34676 -112.13537 0.09167 0.05277 -0.86493 0.49062
53.80032 -564.39481 -1035.52095 -112.64683 0.09124 0.05345 -0.86471 0.49102
53.90404 -565.67871 -1037.71961 -113.15993 0.09005 0.05357 -0.86490 0.49089
54.00765 -566.99223 -1039.92816 -113.67710 0.08946 0.05340 -0.86477 0.49124
54.11144 -568.28622 -1042.12958 -114.19039 0.09040 0.05320 -0.86493 0.49082
54.21503 -569.57152 -1044.32611 -114.69819 0.09052 0.05308 -0.86456 0.49144
54.31875 -570.84833 -1046.50283 -115.20281 0.09040 0.05242 -0.86447 0.49171
54.42237 -572.13308 -1048.68928 -115.70799 0.09134 0.05205 -0.86442 0.49166
54.52598 -573.40139 -1050.85713 -116.20728 0.09200 0.05126 -0.86440 0.49166
54.62972 -574.66083 -1053.01815 -116.70587 0.09224 0.05039 -0.86409 0.49225
54.73334 -575.93664 -1055.19358 -117.21144 0.09276 0.05018 -0.86416 0.49205
54.83708 -577.21487 -1057.36943 -117.71678 0.09271 0.05120 -0.86377 0.49262
54.94070 -578.47240 -1059.56142 -118.22250 0.09128 0.05296 -0.86367 0.49289
55.04431 -579.73280 -1061.74798 -118.73573 0.09042 0.05533 -0.86338 0.49329
55.14795 -580.98800 -1063.92934 -119.24348 0.08868 0.05615 -0.86313 0.49395
55.25154 -582.24349 -1066.08855 -119.74694 0.08796 0.05616 -0.86299 0.49433
55.35530 -583.47959 -1068.24114 -120.24252 0.08845 0.05540 -0.86270 0.49483
55.45890 -584.72345 -1070.39901 -120.74347 0.08979 0.05488 -0.86217 0.49556
55.56254 -585.99203 -1072.58899 -121.25706 0.09086 0.05475 -0.86160 0.49639
55.66625 -587.24466 -1074.76538 -121.77192 0.09079 0.05455 -0.86157 0.49646
55.76989 -588.47249 -1076.95317 -122.27963 0.08987 0.05422 -0.86132 0.49711
55.87361 -589.70343 -1079.11600 -122.77580 0.08883 0.05391 -0.86124 0.49746
55.97729 -590.93511 -1081.27755 -123.27270 0.08972 0.05339 -0.86076 0.49819
56.08086 -592.18544 -1083.44744 -123.78279 0.09192 0.05337 -0.86048 0.49827
56.18447 -593.40716 -1085.61500 -124.29033 0.09313 0.05401 -0.86009 0.49865
56.28813 -594.62031 -1087.78943 -124.81113 0.09316 0.05577 -0.85973 0.49907
56.39170 -595.84104 -1089.97742 -125.33748 0.09158 0.05799 -0.85967 0.49922
56.49531 -597.05476 -1092.14455 -125.85981 0.09041 0.05889 -0.85931 0.49994
56.59892 -598.27298 -1094.32599 -126.37906 0.08988 0.05888 -0.85914 0.50033
56.70242 -599.48689 -1096.51509 -126.89515 0.08962 0.05841 -0.85935 0.50007
56.80603 -600.69400 -1098.67203 -127.40222 0.08957 0.05758 -0.85930 0.50026
56.90964 -601.92730 -1100.85273 -127.91414 0.09018 0.05634 -0.85932 0.50026
57.01338 -603.15495 -1103.02729 -128.42749 0.09133 0.05489 -0.85922 0.50038
57.11700 -604.37731 -1105.20298 -128.94468 0.09230 0.05568 -0.85926 0.50006
57.22062 -605.59557 -1107.38161 -129.46477 0.09265 0.05670 -0.85898 0.50035
57.32423 -606.80103 -1109.56638 -129.99014 0.09238 0.05591 -0.85892 0.50060
57.42772 -608.00963 -1111.74381 -130.51143 0.09176 0.05440 -0.85890 0.50091
57.53136 -609.22750 -1113.89474 -131.02296 0.09187 0.05200 -0.85881 0.50131
57.63495 -610.42779 -1116.06765 -131.52960 0.09276 0.05174 -0.85811 0.50236
57.73859 -611.64057 -1118.23077 -132.03873 0.09333 0.05181 -0.85789 0.50262
57.84218 -612.84080 -1120.39241 -132.55567 0.09334 0.05265 -0.85763 0.50298
57.94580 -614.05583 -1122.59267 -133.08304 0.09512 0.05474 -0.85715 0.50323
58.04953 -615.25077 -1124.80587 -133.61813 0.09703 0.05536 -0.85662 0.50370
58.15318 -616.44495 -1127.01972 -134.17070 0.09742 0.05518 -0.85657 0.50373
58.25681 -617.64778 -1129.20398 -134.71175 0.09620 0.05425 -0.85663 0.50397
58.36040 -618.81356 -1131.36183 -135.23565 0.09558 0.05391 -0.85678 0.50387
58.46400 -619.96649 -1133.51253 -135.75273 0.09564 0.05439 -0.85643 0.50441
58.56762 -621.11970 -1135.64520 -136.26775 0.09616 0.05438 -0.85567 0.50559
58.67136 -622.30153 -1137.79233 -136.79578 0.09688 0.05447 -0.85524 0.50617
58.77497 -623.47953 -1139.94030 -137.32429 0.09799 0.05478 -0.85466 0.50691
58.87871 -624.65167 -1142.10575 -137.85979 0.09806 0.05548 -0.85431 0.50740
58.98246 -625.82813 -1144.30437 -138.40885 0.09794 0.05508 -0.85404 0.50792
59.08607 -627.00443 -1146.50143 -138.94963 0.09761 0.05483 -0.85391 0.50823
59.18981 -628.17524 -1148.70800 -139.49006 0.09752 0.05496 -0.85365 0.50867
59.29357 -629.33967 -1150.91002 -140.03457 0.09781 0.05574 -0.85321 0.50927
59.39717 -630.51076 -1153.12490 -140.58062 0.09786 0.05528 -0.85300 0.50967
59.50091 -631.69743 -1155.35089 -141.13697 0.09745 0.05502 -0.85283 0.51005
59.60465 -632.86830 -1157.56286 -141.67883 0.09706 0.05491 -0.85238 0.51089
59.70826 -634.03070 -1159.78511 -142.22024 0.09671 0.05498 -0.85235 0.51100
59.81200 -635.18962 -1161.99890 -142.75838 0.09658 0.05465 -0.85195 0.51173
59.91574 -636.35311 -1164.21840 -143.29962 0.09681 0.05444 -0.85172 0.51209
60.01948 -637.50615 -1166.41846 -143.83809 0.09715 0.05458 -0.85140 0.51255
60.12310 -638.66351 -1168.63945 -144.37711 0.09738 0.05475 -0.85118 0.51286
60.22684 -639.81941 -1170.86370 -144.92257 0.09742 0.05521 -0.85107 0.51297
60.33046 -640.97073 -1173.09148 -145.47417 0.09776 0.05604 -0.85075 0.51334
60.43407 -642.11149 -1175.30331 -146.02027 0.09737 0.05669 -0.85079 0.51329
60.53783 -643.26677 -1177.52992 -146.57066 0.09736 0.05723 -0.85077 0.51327
60.64143 -644.42235 -1179.76518 -147.12472 0.09789 0.05724 -0.85081 0.51310
60.74517 -645.58240 -1182.00449 -147.67996 0.09826 0.05706 -0.85087 0.51294
60.84878 -646.74730 -1184.24993 -148.23444 0.09803 0.05679 -0.85102 0.51277
60.95240 -647.91787 -1186.50514 -148.80410 0.09902 0.05707 -0.85095 0.51266
61.05614 -649.10086 -1188.75492 -149.36720 0.09872 0.05650 -0.85121 0.51236
61.15976 -650.28338 -1191.01422 -149.93239 0.09807 0.05596 -0.85135 0.51231
61.26337 -651.43982 -1193.25535 -150.49057 0.09862 0.05637 -0.85132 0.51220
61.36698 -652.60283 -1195.49283 -151.05474 0.09965 0.05714 -0.85115 0.51220
61.47063 -653.76345 -1197.73386 -151.62340 0.09956 0.05677 -0.85117 0.51222
61.57422 -654.93284 -1199.98121 -152.19637 0.09889 0.05564 -0.85125 0.51234
61.67785 -656.11246 -1202.21440 -152.75626 0.09886 0.05507 -0.85124 0.51244
61.78412 -657.28859 -1204.46854 -153.31703 0.09956 0.05540 -0.85107 0.51254
61.88524 -658.45782 -1206.72259 -153.88409 0.10075 0.05623 -0.85078 0.51271
61.98891 -659.63612 -1208.97801 -154.46191 0.10211 0.05728 -0.85055 0.51269
62.09242 -660.79743 -1211.23564 -155.04906 0.10272 0.05776 -0.85034 0.51288
62.19657 -661.96001 -1213.50713 -155.63788 0.10214 0.05809 -0.85017 0.51323
62.30001 -663.15857 -1215.77411 -156.22948 0.10164 0.05811 -0.85028 0.51314
62.40341 -664.33306 -1218.04654 -156.82015 0.10173 0.05784 -0.85020 0.51329
62.50702 -665.50292 -1220.32974 -157.40976 0.10185 0.05790 -0.85009 0.51344
62.61105 -666.67278 -1222.61065 -157.99223 0.10175 0.05767 -0.84975 0.51404
62.71412 -667.84711 -1224.89697 -158.58119 0.10126 0.05719 -0.84961 0.51444
62.81773 -669.03052 -1227.18678 -159.16699 0.10106 0.05686 -0.84936 0.51492
62.92155 -670.20862 -1229.47414 -159.74774 0.10177 0.05692 -0.84919 0.51506
63.02496 -671.38642 -1231.75752 -160.33138 0.10235 0.05678 -0.84905 0.51519
63.12857 -672.55551 -1234.04963 -160.91716 0.10291 0.05646 -0.84877 0.51558
63.23221 -673.73135 -1236.36239 -161.51298 0.10321 0.05708 -0.84834 0.51614
63.33569 -674.89261 -1238.65982 -162.10760 0.10355 0.05730 -0.84835 0.51604
63.43930 -676.05970 -1240.97070 -162.70719 0.10356 0.05752 -0.84824 0.51619
63.54291 -677.22378 -1243.27980 -163.30176 0.10397 0.05695 -0.84807 0.51645
63.64652 -678.39319 -1245.57791 -163.89874 0.10367 0.05640 -0.84769 0.51719
63.75003 -679.55526 -1247.89374 -164.49708 0.10312 0.05655 -0.84749 0.51761
63.85363 -680.70620 -1250.21490 -165.09191 0.10252 0.05582 -0.84686 0.51885
63.95724 -681.87202 -1252.50869 -165.68008 0.10228 0.05564 -0.84661 0.51932
64.06073 -683.02156 -1254.83877 -166.26938 0.10237 0.05547 -0.84606 0.52022
64.16435 -684.17825 -1257.16504 -166.85973 0.10295 0.05573 -0.84568 0.52070
64.26797 -685.32177 -1259.50979 -167.45402 0.10285 0.05640 -0.84527 0.52131
64.37158 -686.45641 -1261.86903 -168.05521 0.10182 0.05644 -0.84493 0.52205
64.47520 -687.60082 -1264.21147 -168.65270 0.10124 0.05663 -0.84469 0.52253
64.57871 -688.74148 -1266.54872 -169.23916 0.10098 0.05589 -0.84481 0.52247
64.68258 -689.90356 -1268.90634 -169.82981 0.10113 0.05535 -0.84438 0.52319
64.78594 -691.06415 -1271.25730 -170.42296 0.10163 0.05553 -0.84408 0.52356
64.88962 -692.20808 -1273.61396 -171.01600 0.10185 0.05555 -0.84415 0.52341
64.99315 -693.35222 -1275.97418 -171.61387 0.10243 0.05598 -0.84370 0.52397
65.09677 -694.49684 -1278.33500 -172.21153 0.10247 0.05680 -0.84390 0.52355
65.20041 -695.65718 -1280.71096 -172.82253 0.10320 0.05726 -0.84370 0.52367
65.30413 -696.80337 -1283.08572 -173.43190 0.10385 0.05770 -0.84346 0.52389
65.40774 -697.95833 -1285.48322 -174.05499 0.10485 0.05747 -0.84325 0.52406
65.51137 -699.10451 -1287.87986 -174.67808 0.10436 0.05740 -0.84294 0.52465
65.61497 -700.24907 -1290.26984 -175.29394 0.10262 0.05671 -0.84293 0.52509
65.71930 -701.38415 -1292.67526 -175.91050 0.09966 0.05571 -0.84318 0.52536
65.82245 -702.53548 -1295.06588 -176.49854 0.09816 0.05395 -0.84315 0.52587
65.92608 -703.67436 -1297.45211 -177.08033 0.09880 0.05406 -0.84287 0.52621
66.02981 -704.82110 -1299.84025 -177.66341 0.09980 0.05442 -0.84247 0.52662
66.13343 -705.96969 -1302.22842 -178.25679 0.10061 0.05542 -0.84220 0.52679
66.23718 -707.10756 -1304.62956 -178.86414 0.10176 0.05642 -0.84187 0.52699
66.34090 -708.25391 -1307.04687 -179.47866 0.10249 0.05692 -0.84155 0.52730
66.44452 -709.40108 -1309.46732 -180.09368 0.10280 0.05717 -0.84151 0.52727
66.54825 -710.54755 -1311.86948 -180.70433 0.10291 0.05692 -0.84159 0.52716
66.65188 -711.68332 -1314.30472 -181.32067 0.10269 0.05692 -0.84128 0.52770
66.75549 -712.81765 -1316.71897 -181.92809 0.10202 0.05651 -0.84114 0.52810
66.85910 -713.95524 -1319.13767 -182.53766 0.10137 0.05643 -0.84100 0.52846
66.96272 -715.09985 -1321.55381 -183.14452 0.10177 0.05612 -0.84081 0.52872
67.06634 -716.24339 -1323.97169 -183.74923 0.10231 0.05657 -0.84059 0.52890
67.16996 -717.37926 -1326.39188 -184.35720 0.10235 0.05691 -0.84044 0.52910
67.27357 -718.50847 -1328.83243 -184.96507 0.10227 0.05660 -0.84036 0.52928
67.37719 -719.62785 -1331.25334 -185.57467 0.10251 0.05689 -0.84005 0.52968
67.48080 -720.76081 -1333.68142 -186.18409 0.10210 0.05615 -0.83995 0.53000
67.58429 -721.87665 -1336.08531 -186.78879 0.10200 0.05552 -0.83968 0.53052
67.68791 -722.98171 -1338.47986 -187.38156 0.10177 0.05515 -0.83973 0.53052
67.79152 -724.10454 -1340.87993 -187.97868 0.10193 0.05509 -0.83939 0.53103
67.89514 -725.23358 -1343.30267 -188.58231 0.10242 0.05567 -0.83928 0.53106
67.99874 -726.36375 -1345.71484 -189.18554 0.10341 0.05575 -0.83913 0.53109
68.10226 -727.48487 -1348.14222 -189.79221 0.10359 0.05485 -0.83911 0.53118
68.20586 -728.59583 -1350.55420 -190.39560 0.10299 0.05516 -0.83886 0.53166
68.30950 -729.71615 -1352.98189 -191.01123 0.10360 0.05521 -0.83878 0.53167
68.41296 -730.83006 -1355.40748 -191.62034 0.10345 0.05566 -0.83856 0.53200
68.51660 -731.93903 -1357.83778 -192.22123 0.10233 0.05527 -0.83852 0.53231
68.62020 -733.04777 -1360.28928 -192.83057 0.10133 0.05478 -0.83857 0.53248
68.72370 -734.17466 -1362.74906 -193.43606 0.10097 0.05491 -0.83845 0.53272
68.82730 -735.28860 -1365.17569 -194.03480 0.10191 0.05498 -0.83827 0.53281
68.93092 -736.38207 -1367.61468 -194.63600 0.10261 0.05505 -0.83809 0.53296
69.03442 -737.47552 -1370.04305 -195.23874 0.10287 0.05530 -0.83775 0.53342
69.13804 -738.57857 -1372.45515 -195.84315 0.10207 0.05542 -0.83772 0.53361
69.24164 -739.68131 -1374.87645 -196.44649 0.10160 0.05542 -0.83760 0.53388
69.34525 -740.77291 -1377.29477 -197.04484 0.10129 0.05506 -0.83732 0.53442
69.44887 -741.87314 -1379.71353 -197.63860 0.10166 0.05449 -0.83686 0.53512
69.55253 -742.97087 -1382.12912 -198.23258 0.10204 0.05487 -0.83696 0.53487
69.65610 -744.07564 -1384.54566 -198.82506 0.10267 0.05514 -0.83643 0.53553
69.75972 -745.16529 -1386.96080 -199.42515 0.10272 0.05553 -0.83601 0.53614
69.86333 -746.24891 -1389.37679 -200.01445 0.10316 0.05542 -0.83601 0.53607
69.96682 -747.33759 -1391.78861 -200.61371 0.10331 0.05514 -0.83592 0.53622
70.07046 -748.41789 -1394.20824 -201.20930 0.10302 0.05504 -0.83609 0.53602
70.17405 -749.49232 -1396.63494 -201.80833 0.10294 0.05554 -0.83565 0.53666
70.27768 -750.57368 -1399.06723 -202.40737 0.10362 0.05494 -0.83541 0.53697
70.38141 -751.65832 -1401.48874 -203.00935 0.10305 0.05552 -0.83507 0.53754
70.48505 -752.73190 -1403.88883 -203.60101 0.10312 0.05442 -0.83491 0.53790
70.58876 -753.82363 -1406.30006 -204.20066 0.10303 0.05415 -0.83507 0.53769
70.69238 -754.90574 -1408.72017 -204.79660 0.10313 0.05361 -0.83457 0.53851
70.79599 -755.95641 -1411.14454 -205.39491 0.10218 0.05428 -0.83444 0.53882
70.89976 -757.00915 -1413.54769 -205.97546 0.10190 0.05323 -0.83409 0.53951
71.00335 -758.06625 -1415.95457 -206.55813 0.10178 0.05257 -0.83392 0.53987
71.10720 -759.12708 -1418.37005 -207.14580 0.10141 0.05345 -0.83348 0.54052
71.21082 -760.18945 -1420.81328 -207.73885 0.10221 0.05330 -0.83317 0.54087
71.31434 -761.24137 -1423.24066 -208.33048 0.10154 0.05475 -0.83280 0.54142
71.41808 -762.29612 -1425.65043 -208.91387 0.10217 0.05381 -0.83275 0.54148
71.52180 -763.34981 -1428.05942 -209.50940 0.10275 0.05423 -0.83232 0.54198
71.62541 -764.39506 -1430.49031 -210.10367 0.10232 0.05435 -0.83201 0.54253
71.72915 -765.43611 -1432.92640 -210.69669 0.10308 0.05339 -0.83188 0.54268
71.83290 -766.47726 -1435.35531 -211.28849 0.10307 0.05362 -0.83135 0.54346
71.93653 -767.51431 -1437.77483 -211.87923 0.10354 0.05322 -0.83134 0.54344
72.04025 -768.54551 -1440.18003 -212.46554 0.10324 0.05294 -0.83125 0.54366
72.14399 -769.56843 -1442.59965 -213.05113 0.10297 0.05253 -0.83077 0.54449
72.24760 -770.59592 -1445.00252 -213.63053 0.10249 0.05235 -0.83087 0.54443
72.35137 -771.63097 -1447.42230 -214.20737 0.10258 0.05118 -0.83057 0.54499
72.45496 -772.65702 -1449.82989 -214.79327 0.10254 0.05190 -0.83049 0.54504
72.55861 -773.68163 -1452.23597 -215.37699 0.10291 0.05213 -0.82999 0.54572
72.66232 -774.68006 -1454.64346 -215.95277 0.10259 0.05222 -0.82983 0.54601
72.76606 -775.69913 -1457.06506 -216.54317 0.10200 0.05240 -0.82955 0.54653
72.86969 -776.70827 -1459.47526 -217.12061 0.10170 0.05176 -0.82952 0.54670
72.97342 -777.71921 -1461.88180 -217.69484 0.10136 0.05119 -0.82960 0.54668
73.07716 -778.73495 -1464.30695 -218.27079 0.10124 0.05128 -0.82935 0.54708
73.18081 -779.73850 -1466.71609 -218.84638 0.10122 0.05223 -0.82904 0.54747
73.28440 -780.74655 -1469.13465 -219.41887 0.10136 0.05267 -0.82884 0.54770
73.38813 -781.74535 -1471.56499 -219.99214 0.10132 0.05229 -0.82867 0.54800
73.49174 -782.76514 -1473.98333 -220.57146 0.10132 0.05217 -0.82854 0.54821
73.59536 -783.75164 -1476.39123 -221.14616 0.10139 0.05261 -0.82817 0.54871
73.69898 -784.74299 -1478.79468 -221.71448 0.10142 0.05244 -0.82813 0.54879
73.80272 -785.74217 -1481.19516 -222.29041 0.10137 0.05263 -0.82786 0.54918
73.90633 -786.71815 -1483.57701 -222.85813 0.10154 0.05319 -0.82757 0.54953
74.01009 -787.71326 -1485.97783 -223.43824 0.10203 0.05362 -0.82710 0.55011
74.11368 -788.69631 -1488.36834 -224.00919 0.10278 0.05324 -0.82730 0.54971
74.21743 -789.67076 -1490.75887 -224.58730 0.10318 0.05347 -0.82681 0.55034
74.32104 -790.65011 -1493.15383 -225.16068 0.10303 0.05325 -0.82695 0.55018
74.42470 -791.63297 -1495.56621 -225.74462 0.10287 0.05354 -0.82647 0.55090
74.52842 -792.61175 -1497.95681 -226.32625 0.10297 0.05348 -0.82646 0.55090
74.63201 -793.56712 -1500.34816 -226.90012 0.10274 0.05354 -0.82621 0.55132
74.73578 -794.52449 -1502.70883 -227.46445 0.10291 0.05313 -0.82603 0.55160
74.83937 -795.49343 -1505.08694 -228.04469 0.10306 0.05370 -0.82591 0.55169
74.94298 -796.46101 -1507.46529 -228.62028 0.10348 0.05366 -0.82572 0.55191
75.04674 -797.40498 -1509.82486 -229.18588 0.10322 0.05428 -0.82565 0.55200
75.15034 -798.34844 -1512.19129 -229.75020 0.10394 0.05419 -0.82568 0.55183
75.25396 -799.29196 -1514.54061 -230.32534 0.10406 0.05531 -0.82541 0.55209
75.35770 -800.24722 -1516.89351 -230.89970 0.10467 0.05517 -0.82541 0.55200
75.46143 -801.18856 -1519.24195 -231.47565 0.10521 0.05526 -0.82515 0.55227
75.56505 -802.13765 -1521.57585 -232.04958 0.10488 0.05555 -0.82542 0.55191
75.66879 -803.07986 -1523.90927 -232.63374 0.10481 0.05585 -0.82522 0.55218
75.77241 -804.00170 -1526.23121 -233.20095 0.10489 0.05631 -0.82529 0.55202
75.87616 -804.91634 -1528.53480 -233.77015 0.10535 0.05640 -0.82510 0.55220
75.97976 -805.83246 -1530.82820 -234.34101 0.10538 0.05583 -0.82501 0.55240
76.08325 -806.74975 -1533.11660 -234.90902 0.10479 0.05578 -0.82472 0.55294
76.18687 -807.67754 -1535.41585 -235.47949 0.10559 0.05556 -0.82449 0.55315
76.29048 -808.60003 -1537.73457 -236.05776 0.10674 0.05579 -0.82430 0.55319
76.39410 -809.53160 -1540.03504 -236.63838 0.10736 0.05604 -0.82414 0.55329
76.49761 -810.43997 -1542.33222 -237.21786 0.10704 0.05565 -0.82403 0.55356
76.60121 -811.35252 -1544.62083 -237.79289 0.10671 0.05532 -0.82387 0.55389
76.70486 -812.26062 -1546.91150 -238.36589 0.10662 0.05520 -0.82348 0.55449
76.80845 -813.16363 -1549.19921 -238.93887 0.10712 0.05610 -0.82337 0.55447
76.91195 -814.06051 -1551.48659 -239.51636 0.10772 0.05664 -0.82294 0.55494
77.01555 -814.96605 -1553.78031 -240.09487 0.10840 0.05690 -0.82282 0.55496
77.11918 -815.85408 -1556.06671 -240.67946 0.10862 0.05731 -0.82257 0.55524
77.22277 -816.74247 -1558.36552 -241.26326 0.10809 0.05706 -0.82229 0.55578
77.32639 -817.62568 -1560.63641 -241.83782 0.10680 0.05603 -0.82237 0.55602
77.43001 -818.51404 -1562.89737 -242.40749 0.10670 0.05583 -0.82189 0.55677
77.53363 -819.38905 -1565.14791 -242.96927 0.10732 0.05642 -0.82178 0.55676
77.63724 -820.25818 -1567.41121 -243.54325 0.10894 0.05764 -0.82115 0.55724
77.74086 -821.13099 -1569.67184 -244.12205 0.11020 0.05832 -0.82071 0.55757
77.84447 -822.00867 -1571.94376 -244.71193 0.10988 0.05855 -0.82081 0.55746
77.94826 -822.87128 -1574.19347 -245.29838 0.10904 0.05814 -0.82064 0.55792
78.05183 -823.74325 -1576.46059 -245.87868 0.10856 0.05772 -0.82063 0.55808
78.15545 -824.61274 -1578.71186 -246.45170 0.10920 0.05711 -0.82015 0.55872
78.25919 -825.47876 -1580.96254 -247.02820 0.10953 0.05759 -0.82010 0.55868
78.36280 -826.33677 -1583.20932 -247.59995 0.10971 0.05874 -0.81986 0.55888
78.46642 -827.19524 -1585.44595 -248.17590 0.10978 0.05957 -0.82003 0.55853
78.57005 -828.04012 -1587.66945 -248.75215 0.11002 0.06031 -0.82007 0.55834
78.67377 -828.88094 -1589.87893 -249.33169 0.11057 0.06085 -0.82006 0.55818
78.77738 -829.72796 -1592.10175 -249.91040 0.11088 0.06073 -0.82042 0.55761
78.88101 -830.56733 -1594.29492 -250.49281 0.11063 0.06079 -0.82068 0.55727
78.98461 -831.41767 -1596.49477 -251.06916 0.11021 0.06108 -0.82094 0.55694
79.08825 -832.26473 -1598.70833 -251.65275 0.11009 0.06130 -0.82090 0.55700
79.19184 -833.11717 -1600.91266 -252.23443 0.11027 0.06171 -0.82135 0.55625
79.29558 -833.97014 -1603.11597 -252.81852 0.11080 0.06199 -0.82131 0.55617
79.39920 -834.83339 -1605.32670 -253.41104 0.11108 0.06179 -0.82155 0.55579
79.50283 -835.69723 -1607.52749 -253.99661 0.11073 0.06157 -0.82162 0.55577
79.60643 -836.55239 -1609.73998 -254.58908 0.11088 0.06167 -0.82204 0.55511
79.71007 -837.41074 -1611.92576 -255.17167 0.11122 0.06162 -0.82237 0.55456
79.81379 -838.25824 -1614.08543 -255.75085 0.11163 0.06210 -0.82253 0.55420
79.91740 -839.10761 -1616.26306 -256.33068 0.11157 0.06303 -0.82320 0.55310
80.02104 -839.95392 -1618.40973 -256.90968 0.11193 0.06401 -0.82369 0.55218
80.12463 -840.81267 -1620.56581 -257.49111 0.11215 0.06482 -0.82430 0.55114
80.22839 -841.67315 -1622.71082 -258.07701 0.11267 0.06509 -0.82497 0.55000
80.33199 -842.53522 -1624.84444 -258.66830 0.11276 0.06569 -0.82552 0.54908
80.43560 -843.42017 -1627.00561 -259.26095 0.11276 0.06579 -0.82604 0.54829
80.53935 -844.31155 -1629.16866 -259.86244 0.11245 0.06630 -0.82708 0.54672
80.64296 -845.20200 -1631.31583 -260.45257 0.11227 0.06669 -0.82804 0.54524
80.74670 -846.08970 -1633.42873 -261.03696 0.11202 0.06743 -0.82887 0.54394
80.85032 -846.97403 -1635.55003 -261.62769 0.11277 0.06775 -0.82949 0.54281
80.95406 -847.86856 -1637.63701 -262.21543 0.11395 0.06799 -0.83004 0.54168
81.05769 -848.79097 -1639.73714 -262.81057 0.11439 0.06838 -0.83060 0.54068
81.16143 -849.69534 -1641.83649 -263.40986 0.11465 0.06848 -0.83112 0.53981
81.26503 -850.59402 -1643.93117 -264.00303 0.11402 0.06916 -0.83142 0.53941
81.36877 -851.50056 -1645.99872 -264.59078 0.11431 0.06953 -0.83204 0.53833
81.47239 -852.42807 -1648.08658 -265.18973 0.11460 0.06936 -0.83254 0.53753
81.57600 -853.36209 -1650.16523 -265.78927 0.11504 0.06923 -0.83297 0.53678
81.67961 -854.27536 -1652.21974 -266.37981 0.11582 0.06835 -0.83330 0.53621
81.78311 -855.16678 -1654.25293 -266.96431 0.11551 0.06782 -0.83329 0.53637
81.88672 -856.07251 -1656.29570 -267.54735 0.11492 0.06781 -0.83360 0.53601
81.99035 -856.98665 -1658.33835 -268.12835 0.11424 0.06823 -0.83370 0.53595
82.09395 -857.89911 -1660.36615 -268.70708 0.11427 0.06822 -0.83392 0.53560
82.19758 -858.79764 -1662.40333 -269.28505 0.11419 0.06783 -0.83402 0.53551
82.30118 -859.70384 -1664.42976 -269.85989 0.11456 0.06740 -0.83409 0.53537
82.40492 -860.61965 -1666.46766 -270.44050 0.11511 0.06808 -0.83404 0.53525
82.50854 -861.53527 -1668.48250 -271.02385 0.11529 0.06791 -0.83435 0.53474
82.61216 -862.44558 -1670.48343 -271.60247 0.11536 0.06823 -0.83404 0.53518
82.71589 -863.32876 -1672.47424 -272.17254 0.11573 0.06859 -0.83363 0.53568
82.81952 -864.22228 -1674.47146 -272.74893 0.11647 0.06893 -0.83343 0.53579
82.92313 -865.11284 -1676.45524 -273.32507 0.11823 0.06910 -0.83277 0.53641
83.02688 -865.99195 -1678.42595 -273.90825 0.11984 0.07006 -0.83202 0.53710
83.13048 -866.87335 -1680.40836 -274.50175 0.12071 0.07045 -0.83149 0.53767
83.23422 -867.73744 -1682.38216 -275.09809 0.12035 0.07001 -0.83115 0.53833
83.33786 -868.61563 -1684.37448 -275.69665 0.11826 0.06919 -0.83056 0.53981
83.44164 -869.46799 -1686.34514 -276.27091 0.11658 0.06673 -0.83024 0.54098
83.54523 -870.32472 -1688.32568 -276.83821 0.11751 0.06584 -0.82928 0.54235
83.64884 -871.18003 -1690.32509 -277.41280 0.11965 0.06599 -0.82811 0.54365
83.75255 -872.01973 -1692.32298 -277.99717 0.12058 0.06612 -0.82737 0.54456
83.85629 -872.86338 -1694.33295 -278.59516 0.12158 0.06763 -0.82654 0.54541
83.96003 -873.68016 -1696.31060 -279.18542 0.12177 0.06818 -0.82583 0.54638
84.06365 -874.48783 -1698.25727 -279.77115 0.12207 0.06773 -0.82544 0.54696
84.16741 -875.28882 -1700.22053 -280.34590 0.12316 0.06688 -0.82463 0.54804
84.27100 -876.09179 -1702.19170 -280.93392 0.12362 0.06748 -0.82422 0.54847
84.37510 -876.90402 -1704.15625 -281.52656 0.12340 0.06856 -0.82382 0.54899
84.47843 -877.69727 -1706.13094 -282.11962 0.12280 0.06941 -0.82350 0.54950
84.58213 -878.48975 -1708.09888 -282.71114 0.12182 0.07021 -0.82358 0.54949
84.68572 -879.28296 -1710.07024 -283.29909 0.12192 0.07092 -0.82326 0.54986
84.78941 -880.06833 -1712.02804 -283.88144 0.12198 0.07117 -0.82308 0.55008
84.89317 -880.85192 -1713.96263 -284.46318 0.12252 0.07150 -0.82298 0.55007
84.99684 -881.63761 -1715.91320 -285.05054 0.12263 0.07133 -0.82307 0.54994
85.10049 -882.42580 -1717.86398 -285.63912 0.12282 0.07161 -0.82307 0.54986
85.20407 -883.21107 -1719.81188 -286.23000 0.12265 0.07167 -0.82310 0.54984
85.30768 -883.99030 -1721.74304 -286.81114 0.12247 0.07185 -0.82312 0.54983
85.41144 -884.76290 -1723.66328 -287.38920 0.12320 0.07131 -0.82300 0.54992
85.51502 -885.54881 -1725.60845 -287.97477 0.12418 0.07153 -0.82276 0.55002
85.61878 -886.32181 -1727.54057 -288.56686 0.12483 0.07156 -0.82233 0.55052
85.72309 -887.10121 -1729.48650 -289.16100 0.12496 0.07171 -0.82215 0.55073
85.82650 -887.87784 -1731.43009 -289.75448 0.12558 0.07186 -0.82190 0.55095
85.92977 -888.65199 -1733.37979 -290.35419 0.12537 0.07269 -0.82165 0.55126
86.03369 -889.42313 -1735.31144 -290.94863 0.12598 0.07288 -0.82132 0.55159
86.13739 -890.18764 -1737.23942 -291.54348 0.12695 0.07200 -0.82090 0.55211
86.24076 -890.93932 -1739.14182 -292.13195 0.12622 0.07121 -0.82058 0.55286
86.34447 -891.69416 -1741.05699 -292.71975 0.12571 0.06995 -0.82032 0.55352
86.44845 -892.43820 -1742.94933 -293.29620 0.12576 0.07055 -0.81973 0.55430
86.55186 -893.17962 -1744.85378 -293.87574 0.12670 0.07190 -0.81905 0.55492
86.65563 -893.91369 -1746.76500 -294.46419 0.12694 0.07282 -0.81834 0.55579
86.75938 -894.65799 -1748.69210 -295.06470 0.12745 0.07373 -0.81789 0.55622
86.86301 -895.38840 -1750.59840 -295.66958 0.12835 0.07468 -0.81730 0.55675
86.96692 -896.11465 -1752.47888 -296.25740 0.12841 0.07453 -0.81708 0.55708
87.07055 -896.82793 -1754.35615 -296.84576 0.12748 0.07464 -0.81682 0.55765
87.17411 -897.52495 -1756.21355 -297.42867 0.12822 0.07519 -0.81617 0.55837
87.27832 -898.24252 -1758.09220 -298.02419 0.12874 0.07472 -0.81595 0.55863
87.38166 -898.95044 -1759.97858 -298.61142 0.12803 0.07444 -0.81585 0.55898
87.48535 -899.65669 -1761.86036 -299.19468 0.12849 0.07399 -0.81595 0.55879
87.58896 -900.34195 -1763.71190 -299.76565 0.12922 0.07286 -0.81569 0.55914
87.69270 -901.03418 -1765.56698 -300.34065 0.13026 0.07184 -0.81556 0.55923
87.79630 -901.72960 -1767.41803 -300.91996 0.13188 0.07194 -0.81558 0.55881
87.90012 -902.40893 -1769.24397 -301.49328 0.13244 0.07240 -0.81562 0.55856
88.00384 -903.08932 -1771.06763 -302.07214 0.13211 0.07345 -0.81571 0.55836
88.10740 -903.76841 -1772.88456 -302.63977 0.13093 0.07429 -0.81598 0.55814
88.21160 -904.42888 -1774.66898 -303.20726 0.12970 0.07544 -0.81608 0.55812
88.31496 -905.08925 -1776.45030 -303.76412 0.12932 0.07598 -0.81609 0.55812
88.41853 -905.75617 -1778.21798 -304.33244 0.13005 0.07666 -0.81631 0.55754
88.52233 -906.43295 -1780.01003 -304.90118 0.13021 0.07730 -0.81629 0.55744
88.62598 -907.10128 -1781.78263 -305.46426 0.13043 0.07796 -0.81653 0.55694
88.72978 -907.77436 -1783.55146 -306.03510 0.13054 0.07937 -0.81658 0.55665
88.83347 -908.45103 -1785.32546 -306.60775 0.13109 0.08035 -0.81701 0.55575
88.93726 -909.12379 -1787.07481 -307.17162 0.13151 0.08024 -0.81746 0.55500
89.04097 -909.78179 -1788.81199 -307.73743 0.13268 0.07970 -0.81774 0.55439
89.14456 -910.44608 -1790.52729 -308.29986 0.13419 0.07897 -0.81783 0.55400
89.24817 -911.13159 -1792.24492 -308.86922 0.13560 0.07814 -0.81813 0.55333
89.35191 -911.79142 -1793.93897 -309.42575 0.13635 0.07654 -0.81870 0.55252
89.45553 -912.45552 -1795.61113 -309.98009 0.13703 0.07504 -0.81909 0.55198
89.55915 -913.11239 -1797.26062 -310.51568 0.13777 0.07394 -0.81940 0.55149
89.66276 -913.76485 -1798.88980 -311.05429 0.13889 0.07276 -0.81985 0.55069
89.76651 -914.41908 -1800.51930 -311.59276 0.13949 0.07122 -0.82050 0.54978
89.87026 -915.06917 -1802.14602 -312.12428 0.14007 0.07034 -0.82093 0.54910
89.97398 -915.71624 -1803.76764 -312.65929 0.14071 0.06944 -0.82160 0.54804
90.07760 -916.35265 -1805.35180 -313.18173 0.14163 0.06904 -0.82277 0.54611
90.18134 -917.00031 -1806.91981 -313.70154 0.14265 0.06803 -0.82306 0.54552
90.28508 -917.65278 -1808.46872 -314.22020 0.14359 0.06698 -0.82396 0.54404
90.38882 -918.30807 -1810.02241 -314.73532 0.14457 0.06591 -0.82462 0.54292
90.49243 -918.94689 -1811.56124 -315.24880 0.14436 0.06566 -0.82617 0.54064
90.59617 -919.56787 -1813.02971 -315.74138 0.14489 0.06667 -0.82764 0.53811
90.69991 -920.19431 -1814.49991 -316.23267 0.14571 0.06611 -0.82917 0.53561
90.80353 -920.84264 -1815.96901 -316.72723 0.14586 0.06630 -0.83122 0.53235
90.90727 -921.49326 -1817.42152 -317.22123 0.14520 0.06733 -0.83347 0.52887
91.01101 -922.14264 -1818.84150 -317.71078 0.14442 0.06837 -0.83622 0.52459
91.11465 -922.80465 -1820.23104 -318.18931 0.14341 0.06934 -0.83964 0.51927
91.21837 -923.47467 -1821.62344 -318.67180 0.14271 0.07019 -0.84335 0.51329
91.32213 -924.17144 -1822.99971 -319.15960 0.14271 0.07085 -0.84733 0.50660
91.42585 -924.89056 -1824.34596 -319.62639 0.14323 0.06991 -0.85165 0.49930
91.52959 -925.61701 -1825.65055 -320.09347 0.14339 0.06985 -0.85568 0.49231
91.63323 -926.35888 -1826.90231 -320.54739 0.14355 0.07022 -0.86017 0.48432
91.73695 -927.11443 -1828.15427 -321.01788 0.14383 0.07056 -0.86444 0.47653
91.84069 -927.90464 -1829.40123 -321.48537 0.14305 0.07169 -0.86897 0.46829
91.94442 -928.70987 -1830.62683 -321.94468 0.14195 0.07158 -0.87343 0.46026
92.04816 -929.53315 -1831.84835 -322.40818 0.14125 0.07319 -0.87832 0.45082
92.15190 -930.37841 -1833.03230 -322.87200 0.14249 0.07343 -0.88309 0.44097
92.25565 -931.25226 -1834.17674 -323.32995 0.14234 0.07438 -0.88795 0.43099
92.35939 -932.16002 -1835.30363 -323.79316 0.14177 0.07569 -0.89273 0.42095
92.46312 -933.07753 -1836.41821 -324.25198 0.14092 0.07718 -0.89728 0.41118
92.56689 -934.02452 -1837.48989 -324.70589 0.13915 0.07841 -0.90252 0.39992
92.67048 -934.98596 -1838.54666 -325.15916 0.13829 0.07972 -0.90759 0.38834
92.77425 -935.99417 -1839.59568 -325.61505 0.13741 0.08146 -0.91239 0.37686
92.87797 -937.03349 -1840.60455 -326.06440 0.13750 0.08273 -0.91712 0.36488
92.98170 -938.10170 -1841.58116 -326.51627 0.13788 0.08490 -0.92174 0.35239
93.08545 -939.17718 -1842.51966 -326.96360 0.13752 0.08639 -0.92616 0.34038
93.18921 -940.29932 -1843.43857 -327.41516 0.13567 0.08671 -0.93088 0.32792
93.29293 -941.43149 -1844.32776 -327.86161 0.13339 0.08761 -0.93548 0.31528
93.39654 -942.56164 -1845.18057 -328.30238 0.13187 0.08887 -0.93947 0.30351
93.50028 -943.73467 -1845.99998 -328.72777 0.13047 0.08947 -0.94371 0.29048
93.60402 -944.93069 -1846.77330 -329.15162 0.12950 0.09086 -0.94760 0.27752
93.70767 -946.15723 -1847.53284 -329.57520 0.12913 0.09202 -0.95143 0.26390
93.81138 -947.39365 -1848.23729 -329.98663 0.12760 0.09299 -0.95522 0.25023
93.91512 -948.67429 -1848.91918 -330.40906 0.12562 0.09412 -0.95883 0.23663
94.01890 -949.97694 -1849.57078 -330.81649 0.12364 0.09463 -0.96248 0.22224
94.12248 -951.29123 -1850.17928 -331.21918 0.12230 0.09621 -0.96554 0.20861
94.22629 -952.62465 -1850.74448 -331.61031 0.12186 0.09698 -0.96844 0.19461
94.32983 -953.94504 -1851.27797 -331.99867 0.12079 0.09932 -0.97108 0.18041
94.43357 -955.29311 -1851.76140 -332.37281 0.11864 0.10091 -0.97363 0.16671
94.53720 -956.64502 -1852.19994 -332.74299 0.11685 0.10156 -0.97594 0.15356
94.64080 -958.03018 -1852.59568 -333.10540 0.11550 0.10317 -0.97796 0.14002
94.74454 -959.43966 -1852.96818 -333.47408 0.11463 0.10358 -0.97985 0.12663
94.84829 -960.85285 -1853.30137 -333.82431 0.11294 0.10455 -0.98161 0.11295
94.95189 -962.27314 -1853.59370 -334.16609 0.11168 0.10543 -0.98311 0.09950
95.05566 -963.70060 -1853.85252 -334.50042 0.10986 0.10700 -0.98440 0.08620
95.15937 -965.13000 -1854.05736 -334.83077 0.10820 0.10762 -0.98560 0.07288
95.26312 -966.58881 -1854.22406 -335.14816 0.10609 0.10787 -0.98671 0.05932
95.36673 -968.02762 -1854.37080 -335.46241 0.10448 0.10902 -0.98743 0.04671
95.47047 -969.49211 -1854.47342 -335.76369 0.10257 0.10938 -0.98811 0.03412
95.57409 -970.94513 -1854.53604 -336.05617 0.10162 0.10947 -0.98855 0.02133
95.67783 -972.40624 -1854.56924 -336.34862 -0.10056 -0.11053 0.98873 -0.00887
95.78157 -973.87524 -1854.53742 -336.62182 -0.09855 -0.11148 0.98886 0.00388
95.88520 -975.34372 -1854.48929 -336.88844 -0.09656 -0.11168 0.98890 0.01646
95.98880 -976.82682 -1854.41394 -337.14956 -0.09351 -0.11281 0.98878 0.02911
96.09254 -978.29946 -1854.28805 -337.39543 -0.09046 -0.11375 0.98848 0.04218
96.19616 -979.78508 -1854.13353 -337.63579 -0.08857 -0.11505 0.98786 0.05524
96.29977 -981.24847 -1853.93999 -337.86782 -0.08738 -0.11582 0.98699 0.06929
96.40341 -982.70814 -1853.72191 -338.08297 -0.08615 -0.11747 0.98590 0.08235
96.50713 -984.19239 -1853.44438 -338.28502 -0.08528 -0.11744 0.98472 0.09621
96.61091 -985.67825 -1853.10938 -338.48918 -0.08307 -0.11892 0.98325 0.11033
96.71450 -987.16007 -1852.74453 -338.68518 -0.08005 -0.11932 0.98177 0.12440
96.81822 -988.61817 -1852.33261 -338.85460 -0.07810 -0.11991 0.98009 0.13764
96.92184 -990.08063 -1851.87483 -339.02135 -0.07646 -0.12063 0.97794 0.15242
97.02558 -991.51955 -1851.39716 -339.16913 -0.07471 -0.12135 0.97576 0.16608
97.12932 -992.93776 -1850.88125 -339.31416 -0.07299 -0.12244 0.97327 0.18007
97.23306 -994.34565 -1850.33322 -339.44170 -0.07049 -0.12296 0.97070 0.19404
97.33681 -995.72773 -1849.73603 -339.55708 -0.06825 -0.12354 0.96781 0.20840
97.44042 -997.09268 -1849.09304 -339.65508 -0.06633 -0.12454 0.96470 0.22237
97.54416 -998.46024 -1848.39246 -339.74557 -0.06417 -0.12503 0.96135 0.23675
97.64790 -999.83172 -1847.65652 -339.82088 -0.06212 -0.12637 0.95760 0.25135
97.75164 -1001.16214 -1846.89200 -339.88412 -0.05995 -0.12611 0.95377 0.26613
97.85525 -1002.47336 -1846.09246 -339.93415 -0.05844 -0.12710 0.94970 0.28020
97.95899 -1003.74820 -1845.25221 -339.97060 -0.05606 -0.12709 0.94555 0.29436
98.06274 -1004.99751 -1844.37677 -339.99701 -0.05387 -0.12784 0.94096 0.30880
98.16652 -1006.21440 -1843.47554 -340.01384 -0.05138 -0.12786 0.93658 0.32224
98.27011 -1007.42243 -1842.53479 -340.00563 -0.04851 -0.12849 0.93153 0.33673
98.37383 -1008.57750 -1841.56011 -339.99203 -0.04693 -0.12841 0.92650 0.35058
98.47745 -1009.71984 -1840.54894 -339.96933 -0.04519 -0.12833 0.92122 0.36448
98.58106 -1010.84052 -1839.51399 -339.92981 -0.04257 -0.12923 0.91559 0.37840
98.68480 -1011.90806 -1838.45145 -339.89120 -0.03972 -0.12920 0.90989 0.39222
98.78842 -1012.95213 -1837.34639 -339.82054 -0.03659 -0.13016 0.90411 0.40534
98.89215 -1013.96300 -1836.21384 -339.73162 -0.03372 -0.12972 0.89832 0.41840
98.99577 -1014.96471 -1835.04040 -339.64437 -0.03183 -0.13017 0.89217 0.43138
99.09951 -1015.94029 -1833.82819 -339.53898 -0.03026 -0.13015 0.88593 0.44414
99.20313 -1016.87257 -1832.60503 -339.42543 -0.02851 -0.13007 0.87952 0.45686
99.30675 -1017.75976 -1831.35993 -339.30229 -0.02638 -0.13092 0.87313 0.46884
99.41036 -1018.61120 -1830.08205 -339.15735 -0.02377 -0.13097 0.86666 0.48081
99.51397 -1019.44481 -1828.78580 -339.01395 -0.02195 -0.13052 0.86039 0.49214
99.61773 -1020.25104 -1827.46580 -338.85806 -0.01980 -0.13009 0.85408 0.50323
99.72133 -1021.00875 -1826.13373 -338.69132 -0.01772 -0.12981 0.84794 0.51365
99.82507 -1021.72988 -1824.77232 -338.50636 -0.01460 -0.12926 0.84173 0.52400
99.92869 -1022.43845 -1823.38397 -338.31802 -0.01382 -0.12961 0.83545 0.53389
100.03240 -1023.12344 -1821.96622 -338.12273 -0.01270 -0.12903 0.82899 0.54402
100.13620 -1023.77589 -1820.53094 -337.91681 -0.01118 -0.12988 0.82271 0.55332
100.23980 -1024.38826 -1819.06334 -337.70159 -0.00880 -0.12950 0.81649 0.56258
100.34350 -1024.96839 -1817.57953 -337.47462 -0.00744 -0.12942 0.81054 0.57116
100.44710 -1025.53562 -1816.08842 -337.23818 -0.00570 -0.12883 0.80493 0.57919
100.55080 -1026.06659 -1814.58055 -336.99629 -0.00444 -0.12804 0.79971 0.58656
100.65440 -1026.57637 -1813.05856 -336.74953 -0.00236 -0.12751 0.79513 0.59288
100.75800 -1027.06067 -1811.51392 -336.48784 -0.00040 -0.12689 0.79062 0.59902
100.86160 -1027.50833 -1809.98447 -336.22729 0.00153 -0.12691 0.78632 0.60464
100.96520 -1027.95440 -1808.42413 -335.95449 0.00345 -0.12621 0.78271 0.60944
101.06880 -1028.37736 -1806.84435 -335.67828 0.00421 -0.12587 0.77857 0.61479
101.17240 -1028.79182 -1805.25466 -335.40277 0.00531 -0.12558 0.77479 0.61959
101.27620 -1029.18175 -1803.65903 -335.11126 0.00607 -0.12545 0.77131 0.62394
101.37980 -1029.54855 -1802.06170 -334.82354 0.00647 -0.12598 0.76788 0.62805
101.48340 -1029.91151 -1800.45333 -334.52847 0.00686 -0.12548 0.76493 0.63173
101.58700 -1030.25134 -1798.81403 -334.23011 0.00700 -0.12423 0.76276 0.63460
101.69060 -1030.57507 -1797.17124 -333.92479 0.00711 -0.12402 0.76077 0.63703
101.79430 -1030.90641 -1795.51527 -333.61725 0.00795 -0.12358 0.75929 0.63886
101.89790 -1031.22535 -1793.88227 -333.31941 0.00807 -0.12294 0.75716 0.64150
102.00160 -1031.53689 -1792.23021 -333.01167 0.00793 -0.12301 0.75565 0.64327
102.10520 -1031.83974 -1790.58133 -332.70827 0.00769 -0.12341 0.75407 0.64505
102.20890 -1032.14071 -1788.92343 -332.39807 0.00779 -0.12269 0.75269 0.64680
102.31260 -1032.42797 -1787.26230 -332.08398 0.00744 -0.12294 0.75169 0.64791
102.41620 -1032.71910 -1785.59712 -331.77827 0.00779 -0.12259 0.75079 0.64902
102.52000 -1032.99799 -1783.92712 -331.46201 0.00820 -0.12281 0.74996 0.64993
102.62360 -1033.26612 -1782.25847 -331.15303 0.00842 -0.12282 0.74942 0.65055
102.72730 -1033.53490 -1780.58705 -330.84150 0.00855 -0.12274 0.74875 0.65133
102.83090 -1033.80642 -1778.91262 -330.51844 0.00856 -0.12252 0.74815 0.65206
102.93470 -1034.07620 -1777.25054 -330.20556 0.00854 -0.12276 0.74791 0.65229
103.03830 -1034.34019 -1775.60276 -329.89625 0.00838 -0.12210 0.74740 0.65301
103.14200 -1034.60573 -1773.95842 -329.58764 0.00825 -0.12180 0.74752 0.65293
103.24570 -1034.85963 -1772.30280 -329.28055 0.00793 -0.12140 0.74678 0.65385
103.34940 -1035.11513 -1770.62428 -328.96384 0.00745 -0.12153 0.74629 0.65439
103.45300 -1035.37624 -1768.94993 -328.65873 0.00753 -0.12095 0.74605 0.65477
103.55670 -1035.63355 -1767.26145 -328.33851 0.00764 -0.12179 0.74568 0.65503
103.66030 -1035.88290 -1765.57693 -328.02273 0.00763 -0.12153 0.74521 0.65562
103.76410 -1036.12797 -1763.90587 -327.71010 0.00683 -0.12141 0.74483 0.65609
103.86770 -1036.37973 -1762.21644 -327.39849 0.00673 -0.12105 0.74421 0.65685
103.97130 -1036.62604 -1760.56235 -327.09213 0.00658 -0.12144 0.74397 0.65705
104.07510 -1036.88160 -1758.93301 -326.78446 0.00713 -0.12266 0.74350 0.65735
104.17870 -1037.12773 -1757.30728 -326.47633 0.00784 -0.12329 0.74289 0.65791
104.28230 -1037.36271 -1755.67905 -326.16254 0.00821 -0.12416 0.74254 0.65815
104.38600 -1037.58886 -1754.04955 -325.85034 0.00881 -0.12410 0.74174 0.65905
104.48980 -1037.81228 -1752.43086 -325.53929 0.00879 -0.12344 0.74083 0.66020
104.59340 -1038.03539 -1750.81771 -325.22662 0.00869 -0.12329 0.73935 0.66188
104.69730 -1038.25631 -1749.19755 -324.91045 0.00836 -0.12355 0.73763 0.66375
104.80090 -1038.46272 -1747.59563 -324.59935 0.00832 -0.12419 0.73494 0.66661
104.90460 -1038.65188 -1745.98905 -324.28191 0.00869 -0.12430 0.73223 0.66956
105.00840 -1038.82101 -1744.41204 -323.97115 0.00943 -0.12451 0.72877 0.67328
105.11210 -1038.98669 -1742.84892 -323.66093 0.00993 -0.12416 0.72523 0.67714
105.21590 -1039.12505 -1741.29103 -323.34019 0.01000 -0.12387 0.72085 0.68186
105.31940 -1039.24763 -1739.73611 -323.02996 0.01052 -0.12389 0.71587 0.68707
105.42320 -1039.34098 -1738.19883 -322.70875 0.01116 -0.12411 0.71020 0.69288
105.52690 -1039.41641 -1736.69252 -322.39745 0.01251 -0.12458 0.70422 0.69885
105.63070 -1039.45978 -1735.20453 -322.08041 0.01426 -0.12499 0.69765 0.70530
105.73440 -1039.47809 -1733.73628 -321.76529 0.01624 -0.12483 0.69087 0.71193
105.83810 -1039.46133 -1732.26950 -321.44072 0.01826 -0.12480 0.68314 0.71932
105.94190 -1039.39682 -1730.81693 -321.10935 0.01999 -0.12412 0.67532 0.72673
106.04560 -1039.30242 -1729.35923 -320.78051 0.02155 -0.12335 0.66678 0.73466
106.14940 -1039.18173 -1727.92264 -320.44461 0.02366 -0.12308 0.65709 0.74332
106.25310 -1039.03212 -1726.49722 -320.10645 0.02625 -0.12262 0.64698 0.75212
106.35700 -1038.83891 -1725.08110 -319.77127 0.02851 -0.12229 0.63630 0.76115
106.46080 -1038.60039 -1723.66959 -319.41789 0.03228 -0.12162 0.62539 0.77010
106.56450 -1038.32389 -1722.29426 -319.07017 0.03573 -0.12051 0.61425 0.77903
106.66820 -1038.01240 -1720.91803 -318.70954 0.03878 -0.11976 0.60253 0.78810
106.77190 -1037.65182 -1719.56454 -318.35370 0.04189 -0.11808 0.59075 0.79707
106.87570 -1037.24116 -1718.21889 -317.98826 0.04390 -0.11648 0.57789 0.80657
106.97930 -1036.78143 -1716.86944 -317.61411 0.04582 -0.11556 0.56425 0.81619
107.08320 -1036.30471 -1715.55101 -317.24404 0.04852 -0.11423 0.54984 0.82600
107.18690 -1035.77567 -1714.26710 -316.88027 0.05079 -0.11391 0.53522 0.83545
107.29050 -1035.19686 -1712.99450 -316.50238 0.05436 -0.11379 0.51983 0.84491
107.39430 -1034.55351 -1711.77591 -316.12607 0.05734 -0.11302 0.50510 0.85370
107.49800 -1033.88098 -1710.55231 -315.75666 0.05967 -0.11107 0.49001 0.86255
107.60160 -1033.16488 -1709.36736 -315.36911 0.06305 -0.11011 0.47458 0.87102
107.70540 -1032.40614 -1708.21419 -314.99094 0.06513 -0.10913 0.45891 0.87935
107.80910 -1031.61926 -1707.07339 -314.61341 0.06678 -0.10737 0.44296 0.88758
107.91280 -1030.78110 -1705.96793 -314.23987 0.06890 -0.10605 0.42694 0.89539
108.01640 -1029.90804 -1704.89219 -313.86004 0.07184 -0.10552 0.41043 0.90291
108.12020 -1029.00119 -1703.86601 -313.48643 0.07459 -0.10556 0.39412 0.90993
108.22390 -1028.04430 -1702.87614 -313.10878 0.07802 -0.10436 0.37784 0.91666
108.32760 -1027.04573 -1701.94705 -312.74823 0.08078 -0.10341 0.36153 0.92308
108.43120 -1026.02641 -1701.05642 -312.37990 0.08436 -0.10201 0.34494 0.92924
108.53490 -1024.97192 -1700.19584 -312.01801 0.08700 -0.10109 0.32828 0.93512
108.63880 -1023.89589 -1699.36841 -311.65184 0.08984 -0.10031 0.31237 0.94037
108.74260 -1022.78161 -1698.57550 -311.28883 0.09267 -0.10059 0.29606 0.94533
108.84590 -1021.63999 -1697.80768 -310.92309 0.09633 -0.10007 0.28048 0.94976
108.94970 -1020.47119 -1697.08372 -310.56765 0.09855 -0.09807 0.26539 0.95406
109.05320 -1019.27266 -1696.41302 -310.21418 0.10094 -0.09566 0.25129 0.95787
109.15690 -1018.05926 -1695.77384 -309.87045 0.10398 -0.09427 0.23653 0.96143
109.26050 -1016.82540 -1695.16325 -309.52931 0.10622 -0.09352 0.22234 0.96464
109.36440 -1015.54452 -1694.59383 -309.19063 0.10974 -0.09341 0.20696 0.96768
109.46790 -1014.27088 -1694.06395 -308.85379 0.11206 -0.09264 0.19244 0.97048
109.57160 -1012.98211 -1693.56957 -308.52698 0.11205 -0.09071 0.17733 0.97354
109.67530 -1011.65800 -1693.11358 -308.20472 0.11353 -0.08672 0.16098 0.97656
109.77910 -1010.30814 -1692.69542 -307.89402 0.11208 -0.08583 0.14414 0.97944
109.88270 -1008.95780 -1692.32662 -307.59454 0.11469 -0.08899 0.12566 0.98139
109.98640 -1007.59830 -1692.01257 -307.29647 0.11529 -0.09202 0.10846 0.98310
110.09010 -1006.21643 -1691.72662 -306.98919 0.11698 -0.08986 0.09257 0.98472
110.19390 -1004.82957 -1691.49069 -306.67686 0.11947 -0.08530 0.07704 0.98616
110.29760 -1003.44687 -1691.29877 -306.40467 0.12270 -0.08023 0.06110 0.98731
110.40140 -1002.05834 -1691.16404 -306.14562 0.12468 -0.07852 0.04492 0.98806
110.50510 -1000.64486 -1691.06797 -305.89851 0.12677 -0.07837 0.02700 0.98846
110.60890 -999.21427 -1691.02487 -305.64999 0.12798 -0.07904 0.01146 0.98856
110.71250 -997.77076 -1691.04819 -305.40393 0.12896 -0.07906 -0.00559 0.98848
110.81620 -996.33358 -1691.11995 -305.16650 0.12904 -0.07834 -0.02271 0.98828
110.92000 -994.89142 -1691.22528 -304.93816 0.12936 -0.07606 -0.03986 0.98787
111.02360 -993.44327 -1691.36214 -304.71554 0.12901 -0.07363 -0.05642 0.98730
111.12730 -992.00438 -1691.55877 -304.51379 0.12893 -0.07193 -0.07286 0.98635
111.23100 -990.55855 -1691.79823 -304.31366 0.12896 -0.07059 -0.08867 0.98515
111.33470 -989.10999 -1692.09329 -304.13136 0.13011 -0.06862 -0.10377 0.98366
111.43840 -987.68240 -1692.43939 -303.96833 0.13060 -0.06664 -0.11872 0.98204
111.54200 -986.24464 -1692.82993 -303.81157 0.13183 -0.06434 -0.13239 0.98028
111.64580 -984.82769 -1693.25495 -303.67531 0.13209 -0.06137 -0.14491 0.97867
111.74940 -983.40656 -1693.70357 -303.54064 0.13366 -0.05981 -0.15730 0.97663
111.85300 -982.00568 -1694.17851 -303.41826 0.13419 -0.05889 -0.16776 0.97487
111.95660 -980.58182 -1694.70371 -303.29754 0.13536 -0.05832 -0.17802 0.97293
112.06020 -979.16386 -1695.26785 -303.19543 0.13713 -0.05806 -0.18695 0.97102
112.16380 -977.75248 -1695.86563 -303.09505 0.13872 -0.05676 -0.19519 0.96924
112.26840 -976.33172 -1696.48691 -303.00199 0.13957 -0.05446 -0.20234 0.96779
112.37090 -974.91008 -1697.12951 -302.92235 0.14032 -0.05249 -0.20995 0.96617
112.47460 -973.49746 -1697.78600 -302.84486 0.14016 -0.05166 -0.21684 0.96471
112.57820 -972.08603 -1698.47244 -302.77518 0.14090 -0.05193 -0.22299 0.96319
112.68170 -970.69241 -1699.17482 -302.71296 0.14229 -0.05141 -0.22835 0.96175
112.78560 -969.30734 -1699.89511 -302.65198 0.14248 -0.05020 -0.23121 0.96110
112.88980 -967.89299 -1700.63385 -302.59258 0.14210 -0.04933 -0.23321 0.96072
112.99240 -966.45443 -1701.37945 -302.54229 0.14199 -0.04876 -0.23538 0.96024
113.09600 -965.01303 -1702.13479 -302.47950 0.14149 -0.04827 -0.23706 0.95992
113.19960 -963.57323 -1702.88725 -302.42100 0.14165 -0.04707 -0.23789 0.95975
113.30320 -962.14417 -1703.64941 -302.38592 0.14222 -0.04559 -0.23824 0.95965
113.40730 -960.68303 -1704.44078 -302.34325 0.14170 -0.04482 -0.23945 0.95947
113.51050 -959.18748 -1705.23759 -302.29126 0.14190 -0.04507 -0.24035 0.95920
113.61420 -957.70374 -1706.03199 -302.25632 0.14241 -0.04505 -0.24160 0.95881
113.71790 -956.21552 -1706.82932 -302.21647 0.14158 -0.04549 -0.24187 0.95885
113.82380 -954.73198 -1707.63968 -302.16483 0.14100 -0.04588 -0.24361 0.95847
113.92520 -953.25388 -1708.44331 -302.12233 0.14110 -0.04513 -0.24407 0.95838
114.02880 -951.75234 -1709.26293 -302.08208 0.14299 -0.04400 -0.24476 0.95797
