0.10376 0.70397 -0.17540 0.00377 -0.00019 -0.00138 -0.02608 0.99966
0.20759 1.34479 -0.25995 0.01422 0.00297 -0.00293 -0.04064 0.99917
0.31161 2.00838 -0.37237 0.02646 0.00173 -0.00422 -0.06245 0.99804
0.41509 2.72985 -0.48220 0.03862 0.00142 -0.00438 -0.08388 0.99647
0.51887 3.49224 -0.59537 0.05778 0.00265 -0.00432 -0.10373 0.99459
0.62269 4.36252 -0.76617 0.07798 0.00327 -0.00477 -0.12587 0.99203
0.72643 5.23798 -0.97733 0.10030 0.00613 -0.00642 -0.14703 0.98909
0.83017 6.17991 -1.24116 0.12409 0.00543 -0.00730 -0.16970 0.98545
0.93395 7.11193 -1.54451 0.14690 0.00694 -0.00695 -0.19183 0.98138
1.03770 8.04183 -1.88152 0.17233 0.00681 -0.00675 -0.21537 0.97648
1.14148 8.99100 -2.28398 0.20384 0.00647 -0.00619 -0.23838 0.97113
1.24514 9.91458 -2.73724 0.22675 0.00712 -0.00628 -0.26174 0.96509
1.34887 10.80760 -3.25769 0.24929 0.00799 -0.00613 -0.28552 0.95832
1.45273 11.64044 -3.76395 0.27336 0.00881 -0.00675 -0.30731 0.95155
1.55638 12.43306 -4.32302 0.29087 0.00989 -0.00693 -0.32985 0.94396
1.66009 13.18204 -4.92183 0.30916 0.01135 -0.00742 -0.35178 0.93598
1.76384 13.89914 -5.54695 0.33071 0.01074 -0.00706 -0.37286 0.92780
1.86771 14.58122 -6.23000 0.34795 0.01188 -0.00823 -0.39538 0.91841
1.97132 15.21866 -6.95565 0.36326 0.01335 -0.00920 -0.41665 0.90892
2.07494 15.82619 -7.69883 0.37428 0.01304 -0.00921 -0.43797 0.89885
2.17868 16.38973 -8.44987 0.39530 0.01309 -0.01108 -0.45847 0.88855
2.28243 16.91808 -9.24072 0.41049 0.01485 -0.01298 -0.47957 0.87728
2.38603 17.42388 -10.06503 0.42445 0.01551 -0.01346 -0.49805 0.86690
2.48965 17.88185 -10.91114 0.43563 0.01817 -0.01383 -0.51698 0.85569
2.59339 18.30187 -11.78020 0.45102 0.01857 -0.01496 -0.53318 0.84567
2.69701 18.68540 -12.66909 0.45895 0.01868 -0.01509 -0.54901 0.83547
2.80062 19.04230 -13.58617 0.46677 0.01938 -0.01423 -0.56369 0.82563
2.90439 19.37329 -14.51876 0.47531 0.02106 -0.01407 -0.57800 0.81565
3.00811 19.69370 -15.47260 0.48679 0.02054 -0.01421 -0.59218 0.80542
3.11172 19.98016 -16.42792 0.49270 0.01880 -0.01336 -0.60505 0.79586
3.21533 20.23511 -17.40369 0.49014 0.01941 -0.01376 -0.61823 0.78564
3.31907 20.46107 -18.40879 0.49408 0.02049 -0.01413 -0.62997 0.77622
3.42281 20.66071 -19.41609 0.49501 0.02127 -0.01385 -0.64171 0.76653
3.52655 20.82234 -20.45525 0.48974 0.02100 -0.01223 -0.65363 0.75642
3.63029 20.95466 -21.49664 0.48799 0.02181 -0.01272 -0.66425 0.74708
3.73392 21.05758 -22.56712 0.47834 0.02314 -0.01355 -0.67422 0.73804
3.83752 21.13747 -23.65617 0.46894 0.02488 -0.01494 -0.68327 0.72959
3.94129 21.19857 -24.76240 0.46346 0.02675 -0.01655 -0.69137 0.72182
4.04490 21.23418 -25.87076 0.45404 0.02912 -0.01783 -0.69798 0.71530
4.14862 21.24153 -26.99498 0.44223 0.03080 -0.01878 -0.70390 0.70938
4.25229 21.22860 -28.12934 0.42327 0.03218 -0.01937 -0.70915 0.70406
4.35597 21.20561 -29.28069 0.40732 0.03324 -0.01929 -0.71411 0.69898
4.45961 21.16938 -30.43293 0.39032 0.03386 -0.01863 -0.71852 0.69443
4.56322 21.11968 -31.58912 0.37491 0.03346 -0.01878 -0.72261 0.69019
4.66695 21.05525 -32.75335 0.35518 0.03291 -0.02001 -0.72648 0.68611
4.77056 20.98547 -33.93277 0.33261 0.03223 -0.02127 -0.72997 0.68238
4.87432 20.89645 -35.14312 0.30872 0.03186 -0.02176 -0.73302 0.67912
4.97797 20.79567 -36.37386 0.28923 0.03135 -0.02172 -0.73507 0.67692
5.08166 20.68819 -37.62770 0.26693 0.03114 -0.02192 -0.73687 0.67496
5.18527 20.57043 -38.90551 0.24668 0.03123 -0.02270 -0.73878 0.67285
5.28894 20.45179 -40.19760 0.22647 0.03022 -0.02286 -0.74025 0.67126
5.39262 20.32835 -41.51164 0.20684 0.03053 -0.02276 -0.74142 0.66996
5.49631 20.20600 -42.85762 0.18962 0.03084 -0.02222 -0.74219 0.66911
5.60003 20.06010 -44.23399 0.16413 0.03207 -0.02144 -0.74302 0.66816
5.70364 19.90931 -45.61512 0.14360 0.03227 -0.02196 -0.74393 0.66712
5.80734 19.75497 -47.02933 0.11524 0.03303 -0.02231 -0.74449 0.66644
5.91095 19.59670 -48.45672 0.08268 0.03325 -0.02287 -0.74423 0.66671
6.01472 19.42797 -49.89549 0.05588 0.03325 -0.02319 -0.74483 0.66603
6.11845 19.25501 -51.37397 0.03079 0.03304 -0.02371 -0.74434 0.66656
6.22193 19.09645 -52.87244 0.00290 0.03228 -0.02349 -0.74447 0.66647
6.32567 18.93557 -54.39653 -0.01961 0.03276 -0.02340 -0.74378 0.66721
6.42928 18.77466 -55.93574 -0.04330 0.03279 -0.02318 -0.74367 0.66734
6.53302 18.60692 -57.49565 -0.07009 0.03279 -0.02364 -0.74338 0.66765
6.63667 18.44825 -59.05195 -0.10143 0.03257 -0.02382 -0.74275 0.66835
6.74040 18.28831 -60.64557 -0.12671 0.03251 -0.02415 -0.74262 0.66849
6.84410 18.11147 -62.25286 -0.15381 0.03257 -0.02365 -0.74175 0.66947
6.94775 17.93901 -63.87985 -0.18230 0.03434 -0.02349 -0.74238 0.66868
7.05147 17.77537 -65.51002 -0.20331 0.03569 -0.02408 -0.74215 0.66885
7.15521 17.60139 -67.18772 -0.23099 0.03572 -0.02538 -0.74132 0.66973
7.25892 17.43614 -68.87550 -0.25811 0.03574 -0.02569 -0.74131 0.66972
7.36257 17.26848 -70.56176 -0.28683 0.03555 -0.02534 -0.74141 0.66963
7.46621 17.10401 -72.27441 -0.31483 0.03574 -0.02467 -0.74103 0.67007
7.56992 16.92735 -74.00879 -0.34706 0.03601 -0.02475 -0.74087 0.67023
7.67357 16.74173 -75.74445 -0.37837 0.03674 -0.02512 -0.74092 0.67011
7.77729 16.57384 -77.49025 -0.41476 0.03707 -0.02539 -0.74148 0.66947
7.88102 16.41405 -79.24568 -0.45000 0.03643 -0.02514 -0.74163 0.66935
7.98470 16.24463 -81.01972 -0.47803 0.03615 -0.02537 -0.74122 0.66980
8.08840 16.06609 -82.82068 -0.50762 0.03549 -0.02493 -0.74243 0.66851
8.19212 15.88097 -84.62863 -0.53574 0.03528 -0.02458 -0.74266 0.66829
8.29586 15.68680 -86.45370 -0.56577 0.03548 -0.02435 -0.74280 0.66813
8.39955 15.48876 -88.30635 -0.59709 0.03601 -0.02383 -0.74312 0.66776
8.50323 15.31888 -90.17428 -0.63303 0.03513 -0.02295 -0.74330 0.66765
8.60698 15.12859 -92.03947 -0.67179 0.03460 -0.02285 -0.74404 0.66685
8.71070 14.92991 -93.91978 -0.71099 0.03405 -0.02252 -0.74529 0.66549
8.81444 14.73568 -95.81707 -0.74683 0.03409 -0.02254 -0.74681 0.66379
8.91811 14.52146 -97.72422 -0.78070 0.03339 -0.02094 -0.74846 0.66201
9.02187 14.29949 -99.63727 -0.81108 0.03356 -0.02091 -0.75010 0.66014
9.12555 14.05155 -101.56582 -0.84537 0.03287 -0.02080 -0.75148 0.65860
9.22915 13.79879 -103.50823 -0.88287 0.03236 -0.02074 -0.75332 0.65653
9.33278 13.52913 -105.46631 -0.91327 0.03161 -0.02116 -0.75472 0.65494
9.43651 13.26623 -107.43236 -0.94396 0.03127 -0.02045 -0.75634 0.65311
9.54013 12.99985 -109.38423 -0.97747 0.03032 -0.01905 -0.75834 0.65088
9.64386 12.71147 -111.35584 -1.00957 0.03029 -0.01825 -0.76009 0.64885
9.74757 12.40798 -113.34004 -1.04639 0.03031 -0.01761 -0.76181 0.64685
9.85122 12.08233 -115.31622 -1.07852 0.03090 -0.01808 -0.76397 0.64426
9.95485 11.74726 -117.29262 -1.11672 0.03043 -0.01843 -0.76537 0.64261
10.05845 11.38929 -119.30732 -1.15531 0.03053 -0.01846 -0.76744 0.64012
10.16227 11.02098 -121.33678 -1.19347 0.03061 -0.01799 -0.76909 0.63816
10.26595 10.65638 -123.36390 -1.23046 0.03028 -0.01779 -0.77111 0.63573
10.36954 10.27512 -125.38694 -1.26962 0.03014 -0.01767 -0.77299 0.63345
10.47333 9.89209 -127.41230 -1.31142 0.02987 -0.01703 -0.77452 0.63162
10.57701 9.48304 -129.44033 -1.35114 0.03101 -0.01731 -0.77614 0.62956
10.68080 9.05868 -131.46595 -1.39333 0.03212 -0.01803 -0.77696 0.62847
10.78449 8.60606 -133.50064 -1.44349 0.03214 -0.01823 -0.77785 0.62737
10.88838 8.16189 -135.55668 -1.49242 0.03224 -0.01811 -0.77932 0.62553
10.99210 7.70365 -137.63858 -1.53901 0.03212 -0.01781 -0.78025 0.62439
11.09628 7.24546 -139.73775 -1.58475 0.03123 -0.01736 -0.78172 0.62261
11.19965 6.78181 -141.82482 -1.63269 0.03118 -0.01715 -0.78289 0.62114
11.30336 6.32162 -143.92584 -1.68081 0.03107 -0.01681 -0.78466 0.61892
11.40708 5.83631 -146.00043 -1.72779 0.03086 -0.01655 -0.78574 0.61756
11.51057 5.33411 -148.09896 -1.77569 0.03092 -0.01676 -0.78768 0.61507
11.61418 4.81758 -150.18939 -1.82515 0.03080 -0.01620 -0.78894 0.61349
11.71802 4.28743 -152.27691 -1.87535 0.03127 -0.01599 -0.79018 0.61187
11.82143 3.74024 -154.39143 -1.92927 0.03171 -0.01626 -0.79164 0.60994
11.92506 3.18301 -156.53022 -1.98164 0.03173 -0.01634 -0.79335 0.60772
12.02865 2.63315 -158.68172 -2.03098 0.03138 -0.01703 -0.79411 0.60673
12.13214 2.06554 -160.81343 -2.08500 0.03110 -0.01750 -0.79548 0.60493
12.23595 1.48506 -162.95246 -2.13393 0.03065 -0.01741 -0.79619 0.60402
12.33962 0.89487 -165.09768 -2.18414 0.03049 -0.01739 -0.79789 0.60178
12.44323 0.28481 -167.24105 -2.23700 0.03072 -0.01730 -0.79877 0.60061
12.54685 -0.33291 -169.41041 -2.28342 0.03055 -0.01731 -0.80007 0.59887
12.65059 -0.95943 -171.58748 -2.33499 0.03172 -0.01788 -0.80114 0.59737
12.75421 -1.59216 -173.76076 -2.39110 0.03261 -0.01855 -0.80188 0.59630
12.85782 -2.24695 -175.95163 -2.44566 0.03299 -0.01833 -0.80289 0.59493
12.96145 -2.89890 -178.13788 -2.49950 0.03269 -0.01761 -0.80364 0.59395
13.06505 -3.55000 -180.32831 -2.55466 0.03222 -0.01770 -0.80488 0.59230
13.16879 -4.20248 -182.52179 -2.61848 0.03108 -0.01773 -0.80496 0.59225
13.27241 -4.87365 -184.71886 -2.66946 0.03001 -0.01724 -0.80644 0.59030
13.37617 -5.57684 -186.92609 -2.71794 0.02937 -0.01771 -0.80762 0.58871
13.47977 -6.27670 -189.15710 -2.76910 0.02889 -0.01746 -0.80876 0.58717
13.58338 -6.98771 -191.38111 -2.81397 0.02927 -0.01770 -0.80955 0.58606
13.68700 -7.72273 -193.61123 -2.86839 0.02978 -0.01704 -0.81083 0.58428
13.79073 -8.44484 -195.83861 -2.92276 0.02991 -0.01638 -0.81205 0.58259
13.89444 -9.20055 -198.07560 -2.97737 0.02985 -0.01608 -0.81339 0.58073
13.99845 -9.96068 -200.31406 -3.03321 0.02923 -0.01586 -0.81393 0.58001
14.10180 -10.73797 -202.54787 -3.09128 0.02895 -0.01568 -0.81524 0.57819
14.20592 -11.50601 -204.79200 -3.13980 0.02927 -0.01598 -0.81637 0.57656
14.30920 -12.27686 -207.03369 -3.19077 0.02944 -0.01618 -0.81700 0.57566
14.41287 -13.06442 -209.27633 -3.24501 0.03024 -0.01609 -0.81794 0.57428
14.51654 -13.86892 -211.49762 -3.30266 0.03106 -0.01659 -0.81865 0.57321
14.62033 -14.67842 -213.74305 -3.36585 0.03115 -0.01671 -0.81952 0.57196
14.72368 -15.49472 -215.98544 -3.42401 0.03084 -0.01643 -0.82050 0.57057
14.82739 -16.32948 -218.24208 -3.47852 0.03061 -0.01645 -0.82167 0.56891
14.93163 -17.18075 -220.50558 -3.53855 0.03014 -0.01675 -0.82232 0.56798
15.03485 -18.01866 -222.77129 -3.58720 0.02957 -0.01654 -0.82330 0.56659
15.13855 -18.86683 -225.02196 -3.64067 0.02869 -0.01609 -0.82391 0.56577
15.24218 -19.71170 -227.27745 -3.68761 0.02936 -0.01677 -0.82461 0.56469
15.34573 -20.58439 -229.52424 -3.74066 0.03034 -0.01661 -0.82546 0.56340
15.44950 -21.44999 -231.75883 -3.79979 0.03078 -0.01618 -0.82632 0.56213
15.55307 -22.32995 -234.00165 -3.85899 0.03036 -0.01563 -0.82769 0.56014
15.65668 -23.20042 -236.24199 -3.91718 0.02995 -0.01510 -0.82834 0.55923
15.76042 -24.08226 -238.47420 -3.97818 0.02949 -0.01430 -0.82921 0.55797
15.86404 -24.99142 -240.70580 -4.04153 0.02968 -0.01361 -0.83016 0.55657
15.96778 -25.91015 -242.95542 -4.10469 0.02939 -0.01336 -0.83111 0.55516
16.07140 -26.83338 -245.20031 -4.16713 0.02953 -0.01297 -0.83287 0.55254
16.17517 -27.74525 -247.43248 -4.22921 0.02905 -0.01212 -0.83355 0.55154
16.27876 -28.66145 -249.63156 -4.29364 0.02895 -0.01188 -0.83500 0.54936
16.38237 -29.59269 -251.82642 -4.35713 0.02908 -0.01217 -0.83618 0.54754
16.48621 -30.55670 -254.03911 -4.42214 0.02921 -0.01215 -0.83702 0.54625
16.58973 -31.52709 -256.26477 -4.48959 0.02883 -0.01158 -0.83807 0.54468
16.69338 -32.49383 -258.48121 -4.55413 0.02838 -0.01103 -0.83939 0.54268
16.79696 -33.47005 -260.68537 -4.62510 0.02880 -0.01143 -0.84039 0.54110
16.90069 -34.45153 -262.88001 -4.69771 0.02917 -0.01200 -0.84159 0.53919
17.00432 -35.44439 -265.07663 -4.76925 0.02913 -0.01251 -0.84231 0.53806
17.10793 -36.45285 -267.27159 -4.83560 0.02927 -0.01332 -0.84356 0.53607
17.21226 -37.47923 -269.48452 -4.90675 0.02988 -0.01393 -0.84440 0.53469
17.31533 -38.50089 -271.68474 -4.97574 0.02963 -0.01513 -0.84548 0.53296
17.41895 -39.53995 -273.87629 -5.04723 0.02991 -0.01611 -0.84583 0.53237
17.52274 -40.59641 -276.08634 -5.12045 0.03002 -0.01639 -0.84694 0.53059
17.62628 -41.66661 -278.31644 -5.19351 0.02985 -0.01628 -0.84797 0.52896
17.73002 -42.73518 -280.55081 -5.26645 0.02951 -0.01611 -0.84893 0.52744
17.83361 -43.82762 -282.79255 -5.33991 0.02957 -0.01677 -0.84979 0.52603
17.93782 -44.92515 -285.03965 -5.41285 0.02919 -0.01615 -0.85108 0.52397
18.04102 -46.03157 -287.30944 -5.48025 0.02873 -0.01604 -0.85179 0.52285
18.14461 -47.16464 -289.58618 -5.55241 0.02959 -0.01650 -0.85277 0.52119
18.24822 -48.32537 -291.83602 -5.63077 0.03056 -0.01676 -0.85317 0.52047
18.35182 -49.47961 -294.09238 -5.71063 0.03106 -0.01674 -0.85368 0.51959
18.45567 -50.64965 -296.34676 -5.79399 0.03088 -0.01629 -0.85456 0.51817
18.55914 -51.81660 -298.61711 -5.87994 0.03141 -0.01613 -0.85494 0.51753
18.66305 -52.98759 -300.89547 -5.96749 0.03231 -0.01642 -0.85568 0.51623
18.76628 -54.17079 -303.18195 -6.05284 0.03228 -0.01627 -0.85615 0.51547
18.86992 -55.36781 -305.46055 -6.14385 0.03141 -0.01643 -0.85688 0.51429
18.97353 -56.58705 -307.76908 -6.22864 0.03024 -0.01629 -0.85797 0.51256
19.07714 -57.81353 -310.07509 -6.30949 0.03022 -0.01532 -0.85914 0.51061
19.18087 -59.05317 -312.39613 -6.40197 0.03022 -0.01365 -0.86005 0.50914
19.28453 -60.32329 -314.73978 -6.49682 0.03030 -0.01208 -0.86163 0.50649
19.38822 -61.59101 -317.08397 -6.58892 0.03077 -0.01194 -0.86285 0.50438
19.49184 -62.87233 -319.41351 -6.68554 0.03136 -0.01237 -0.86438 0.50171
19.59546 -64.18557 -321.74490 -6.79428 0.03166 -0.01300 -0.86549 0.49975
19.69907 -65.50894 -324.04675 -6.89219 0.03207 -0.01344 -0.86671 0.49760
19.80284 -66.83885 -326.36471 -6.99190 0.03286 -0.01302 -0.86778 0.49569
19.90642 -68.20765 -328.69864 -7.10039 0.03383 -0.01261 -0.86891 0.49365
20.01003 -69.57917 -331.02507 -7.20199 0.03406 -0.01179 -0.86984 0.49202
20.11365 -70.96365 -333.34863 -7.30924 0.03380 -0.01142 -0.87098 0.49002
20.21727 -72.35787 -335.65990 -7.41945 0.03452 -0.01122 -0.87271 0.48689
20.32088 -73.74592 -337.97040 -7.53284 0.03525 -0.01148 -0.87365 0.48514
20.42450 -75.15400 -340.26730 -7.65079 0.03596 -0.01121 -0.87492 0.48280
20.52812 -76.57201 -342.55772 -7.77250 0.03594 -0.01018 -0.87597 0.48092
20.63173 -78.00722 -344.84696 -7.89701 0.03668 -0.01005 -0.87671 0.47951
20.73535 -79.45591 -347.13680 -8.02440 0.03713 -0.00951 -0.87783 0.47744
20.83896 -80.90311 -349.41017 -8.15319 0.03676 -0.00871 -0.87851 0.47622
20.94258 -82.36440 -351.68721 -8.28866 0.03526 -0.00742 -0.87949 0.47456
21.04632 -83.85482 -353.97464 -8.41770 0.03404 -0.00561 -0.88031 0.47314
21.14994 -85.34709 -356.27599 -8.54700 0.03495 -0.00421 -0.88113 0.47157
21.25355 -86.84480 -358.56283 -8.68239 0.03498 -0.00392 -0.88203 0.46987
21.35717 -88.34391 -360.82129 -8.81317 0.03512 -0.00474 -0.88306 0.46793
21.46082 -89.83731 -363.07390 -8.95458 0.03486 -0.00238 -0.88397 0.46623
21.56462 -91.35397 -365.32945 -9.09096 0.03559 -0.00090 -0.88480 0.46461
21.66814 -92.88003 -367.58038 -9.23603 0.03642 -0.00069 -0.88579 0.46265
21.77179 -94.41620 -369.81190 -9.39682 0.03582 0.00051 -0.88652 0.46130
21.87536 -95.95571 -372.05182 -9.54820 0.03610 0.00091 -0.88746 0.45947
21.97904 -97.51722 -374.29125 -9.69902 0.03700 0.00035 -0.88795 0.45845
22.08265 -99.09108 -376.51662 -9.85235 0.03733 0.00126 -0.88886 0.45665
22.18621 -100.66460 -378.74460 -10.00343 0.03579 0.00311 -0.88976 0.45501
22.29025 -102.23402 -380.97060 -10.15863 0.03012 0.00856 -0.89044 0.45402
22.39357 -103.80060 -383.18796 -10.29817 0.02632 0.00652 -0.89171 0.45179
22.49725 -105.37690 -385.39035 -10.41616 0.02883 0.00014 -0.89225 0.45062
22.60085 -106.95955 -387.54710 -10.53395 0.03332 0.00082 -0.89240 0.45001
22.70444 -108.55711 -389.71545 -10.67966 0.03764 0.00465 -0.89299 0.44847
22.80810 -110.16647 -391.89090 -10.85814 0.03838 0.00954 -0.89362 0.44707
22.91177 -111.76090 -394.07520 -11.05599 0.03849 0.01253 -0.89454 0.44516
23.01539 -113.37566 -396.26985 -11.24473 0.03909 0.01103 -0.89520 0.44380
23.11901 -114.99567 -398.43094 -11.42822 0.03947 0.00804 -0.89598 0.44226
23.22265 -116.62737 -400.56959 -11.59823 0.03816 0.00515 -0.89693 0.44050
23.32637 -118.26379 -402.70753 -11.76466 0.03786 0.00482 -0.89765 0.43905
23.43007 -119.90924 -404.85702 -11.93818 0.03796 0.00564 -0.89843 0.43744
23.53371 -121.55790 -406.98558 -12.11079 0.03924 0.00523 -0.89926 0.43562
23.63732 -123.20723 -409.11220 -12.28890 0.03965 0.00573 -0.89964 0.43479
23.74108 -124.86912 -411.23888 -12.46881 0.04012 0.00540 -0.90022 0.43355
23.84468 -126.53069 -413.35630 -12.65089 0.03994 0.00558 -0.90075 0.43247
23.94843 -128.19764 -415.46232 -12.82734 0.04108 0.00490 -0.90090 0.43205
24.05212 -129.87878 -417.56279 -13.01188 0.04228 0.00480 -0.90118 0.43136
24.15565 -131.54487 -419.64957 -13.20341 0.04426 0.00481 -0.90142 0.43065
24.25939 -133.22823 -421.75516 -13.40314 0.04482 0.00466 -0.90182 0.42976
24.36300 -134.90160 -423.85245 -13.60426 0.04334 0.00544 -0.90219 0.42912
24.46662 -136.57783 -425.95002 -13.80198 0.04140 0.00676 -0.90260 0.42843
24.57024 -138.26907 -428.05320 -13.99160 0.04043 0.00770 -0.90301 0.42764
24.67387 -139.96788 -430.15791 -14.18130 0.04114 0.00785 -0.90330 0.42696
24.77759 -141.65775 -432.24951 -14.37377 0.04052 0.00902 -0.90357 0.42643
24.88121 -143.35155 -434.33239 -14.56301 0.03954 0.00976 -0.90382 0.42597
24.98488 -145.05871 -436.42053 -14.75539 0.04030 0.01036 -0.90398 0.42553
25.08832 -146.75340 -438.48592 -14.94497 0.04190 0.01052 -0.90407 0.42521
25.19195 -148.45142 -440.55394 -15.14973 0.04480 0.00987 -0.90395 0.42518
25.29556 -150.13438 -442.62854 -15.36887 0.04829 0.00939 -0.90340 0.42598
25.39916 -151.83948 -444.70716 -15.60257 0.04990 0.00943 -0.90292 0.42679
25.50278 -153.52699 -446.78517 -15.84967 0.04671 0.01265 -0.90252 0.42791
25.60639 -155.21323 -448.88952 -16.08350 0.04347 0.01484 -0.90225 0.42876
25.71001 -156.88684 -450.99319 -16.29933 0.04248 0.01598 -0.90181 0.42975
25.81362 -158.57108 -453.09984 -16.50953 0.04215 0.01573 -0.90108 0.43132
25.91726 -160.23705 -455.19272 -16.72397 0.04339 0.01503 -0.90031 0.43282
26.02085 -161.90059 -457.28929 -16.95175 0.04315 0.01479 -0.89935 0.43485
26.12448 -163.54788 -459.38374 -17.16960 0.04126 0.01670 -0.89912 0.43543
26.22810 -165.16722 -461.50082 -17.38471 0.04001 0.02097 -0.89844 0.43677
26.33173 -166.79798 -463.61601 -17.59822 0.03869 0.02447 -0.89834 0.43691
26.43544 -168.42564 -465.74400 -17.81136 0.03665 0.02658 -0.89808 0.43749
26.53906 -170.03346 -467.85751 -18.02238 0.03702 0.02636 -0.89780 0.43805
26.64267 -171.65346 -469.96752 -18.23085 0.03885 0.02568 -0.89741 0.43874
26.74631 -173.28382 -472.08012 -18.45909 0.04024 0.02601 -0.89676 0.43991
26.84992 -174.90792 -474.18964 -18.69551 0.04002 0.02770 -0.89670 0.43995
26.95353 -176.52436 -476.31046 -18.92615 0.03906 0.02823 -0.89627 0.44088
27.05726 -178.12447 -478.42095 -19.15271 0.03806 0.02810 -0.89631 0.44091
27.16089 -179.74491 -480.54761 -19.37705 0.03832 0.02769 -0.89577 0.44199
27.26453 -181.35340 -482.67226 -19.59497 0.03950 0.02683 -0.89532 0.44285
27.36823 -182.97139 -484.79534 -19.82257 0.04043 0.02674 -0.89504 0.44334
27.47185 -184.58246 -486.92795 -20.05818 0.04060 0.02702 -0.89502 0.44335
27.57548 -186.16588 -489.05774 -20.29213 0.04074 0.02780 -0.89448 0.44438
27.67920 -187.75787 -491.17534 -20.52614 0.04143 0.02801 -0.89439 0.44449
27.78284 -189.34977 -493.31364 -20.76420 0.04148 0.02829 -0.89417 0.44490
27.88656 -190.94735 -495.46438 -21.00527 0.04084 0.02834 -0.89386 0.44559
27.99017 -192.53659 -497.58723 -21.24067 0.04112 0.02771 -0.89410 0.44512
28.09379 -194.11392 -499.70810 -21.47066 0.04164 0.02806 -0.89349 0.44627
28.19741 -195.70015 -501.83752 -21.71185 0.04198 0.02869 -0.89354 0.44610
28.30102 -197.26774 -503.96119 -21.95821 0.04224 0.02978 -0.89341 0.44626
28.40464 -198.85269 -506.09425 -22.20137 0.04214 0.02965 -0.89357 0.44595
28.50825 -200.43897 -508.24263 -22.44639 0.04227 0.02936 -0.89364 0.44583
28.61187 -202.02882 -510.37231 -22.69592 0.04281 0.02962 -0.89375 0.44553
28.71563 -203.62502 -512.51674 -22.95131 0.04372 0.03023 -0.89370 0.44551
28.81923 -205.21041 -514.64632 -23.20541 0.04403 0.03107 -0.89379 0.44524
28.92284 -206.78877 -516.77586 -23.46308 0.04428 0.03127 -0.89387 0.44503
29.02646 -208.38359 -518.90384 -23.72187 0.04389 0.03144 -0.89398 0.44485
29.13007 -209.98121 -521.04370 -23.97937 0.04393 0.03108 -0.89392 0.44498
29.23384 -211.55266 -523.15614 -24.23593 0.04437 0.03078 -0.89385 0.44510
29.33743 -213.13078 -525.27760 -24.49440 0.04470 0.03092 -0.89370 0.44537
29.44104 -214.71465 -527.40911 -24.75123 0.04438 0.03141 -0.89372 0.44532
29.54466 -216.28926 -529.53083 -25.00890 0.04419 0.03170 -0.89369 0.44537
29.64826 -217.85886 -531.64958 -25.27069 0.04461 0.03204 -0.89343 0.44582
29.75201 -219.45144 -533.78034 -25.53129 0.04559 0.03205 -0.89347 0.44565
29.85562 -221.04409 -535.92259 -25.80645 0.04630 0.03234 -0.89329 0.44593
29.95912 -222.63241 -538.06647 -26.08247 0.04614 0.03228 -0.89319 0.44614
30.06273 -224.23251 -540.20859 -26.35277 0.04640 0.03173 -0.89343 0.44567
30.16635 -225.81390 -542.33385 -26.62784 0.04683 0.03234 -0.89313 0.44618
30.26996 -227.40266 -544.47269 -26.90661 0.04679 0.03320 -0.89307 0.44625
30.37358 -228.97717 -546.59420 -27.18160 0.04674 0.03321 -0.89326 0.44587
30.47722 -230.55313 -548.72284 -27.45495 0.04696 0.03348 -0.89323 0.44588
30.58081 -232.12941 -550.86235 -27.73072 0.04759 0.03396 -0.89326 0.44572
30.68447 -233.70413 -552.97759 -28.01320 0.04851 0.03453 -0.89335 0.44539
30.78817 -235.28674 -555.09896 -28.30575 0.04831 0.03500 -0.89337 0.44534
30.89178 -236.87850 -557.24034 -28.59405 0.04708 0.03476 -0.89342 0.44539
30.99556 -238.47020 -559.38053 -28.87771 0.04645 0.03413 -0.89351 0.44534
31.09914 -240.05310 -561.51144 -29.16149 0.04695 0.03491 -0.89357 0.44510
31.20276 -241.64549 -563.63836 -29.44150 0.04829 0.03490 -0.89345 0.44519
31.30652 -243.22206 -565.75791 -29.73310 0.04926 0.03497 -0.89347 0.44505
31.41011 -244.80238 -567.87930 -30.02589 0.04934 0.03458 -0.89348 0.44504
31.51385 -246.37573 -569.99362 -30.32070 0.04918 0.03455 -0.89347 0.44509
31.61747 -247.95231 -572.11299 -30.60749 0.04940 0.03415 -0.89343 0.44516
31.72125 -249.52882 -574.22799 -30.90088 0.05011 0.03417 -0.89322 0.44551
31.82482 -251.11993 -576.36196 -31.19311 0.05098 0.03417 -0.89307 0.44572
31.92857 -252.70777 -578.49237 -31.49270 0.05123 0.03485 -0.89324 0.44529
32.03219 -254.29455 -580.61810 -31.79902 0.05153 0.03463 -0.89319 0.44537
32.13593 -255.88625 -582.75529 -32.10192 0.05241 0.03435 -0.89305 0.44558
32.23954 -257.46606 -584.88220 -32.40743 0.05263 0.03482 -0.89282 0.44597
32.34333 -259.04702 -587.02024 -32.72001 0.05280 0.03580 -0.89268 0.44616
32.44703 -260.63584 -589.15798 -33.03242 0.05285 0.03664 -0.89275 0.44593
32.55078 -262.22513 -591.30117 -33.34292 0.05243 0.03594 -0.89255 0.44645
32.65437 -263.80931 -593.44114 -33.65260 0.05284 0.03511 -0.89250 0.44656
32.75813 -265.38204 -595.55946 -33.95916 0.05323 0.03484 -0.89216 0.44722
32.86174 -266.94393 -597.67477 -34.26664 0.05377 0.03562 -0.89192 0.44757
32.96570 -268.50277 -599.80066 -34.57786 0.05425 0.03545 -0.89175 0.44787
33.07050 -270.07527 -601.92609 -34.89372 0.05389 0.03563 -0.89170 0.44799
33.17292 -271.62981 -604.05925 -35.21177 0.05383 0.03608 -0.89129 0.44877
33.27645 -273.19532 -606.19327 -35.52783 0.05397 0.03623 -0.89130 0.44874
33.38005 -274.75112 -608.32425 -35.84418 0.05425 0.03668 -0.89113 0.44899
33.48381 -276.31853 -610.45877 -36.16059 0.05415 0.03700 -0.89088 0.44949
33.58762 -277.88195 -612.60345 -36.48414 0.05398 0.03804 -0.89078 0.44960
33.69122 -279.44852 -614.75314 -36.81171 0.05348 0.03859 -0.89085 0.44948
33.79494 -281.00471 -616.88806 -37.12660 0.05342 0.03848 -0.89088 0.44944
33.89864 -282.55261 -619.02365 -37.45063 0.05432 0.03858 -0.89083 0.44943
34.00238 -284.10487 -621.15977 -37.77415 0.05488 0.03901 -0.89069 0.44961
34.10599 -285.65971 -623.29311 -38.11250 0.05484 0.03985 -0.89074 0.44944
34.20973 -287.22180 -625.43870 -38.44821 0.05413 0.03992 -0.89080 0.44940
34.31353 -288.76591 -627.57507 -38.77465 0.05353 0.03935 -0.89080 0.44951
34.41710 -290.33144 -629.71177 -39.09657 0.05343 0.03905 -0.89077 0.44962
34.52083 -291.89911 -631.85400 -39.41893 0.05391 0.03899 -0.89068 0.44973
34.62445 -293.44831 -633.97606 -39.74444 0.05472 0.03939 -0.89086 0.44925
34.72806 -294.98975 -636.08780 -40.07307 0.05552 0.03952 -0.89052 0.44981
34.83180 -296.55094 -638.23545 -40.40520 0.05568 0.03951 -0.89058 0.44968
34.93542 -298.09827 -640.37199 -40.73910 0.05539 0.03984 -0.89045 0.44993
35.03915 -299.65056 -642.50477 -41.07378 0.05541 0.04009 -0.89029 0.45023
35.14278 -301.21058 -644.64902 -41.41181 0.05572 0.04009 -0.89007 0.45063
35.24652 -302.76809 -646.78631 -41.74728 0.05593 0.04052 -0.89014 0.45043
35.35013 -304.30876 -648.91882 -42.08204 0.05627 0.04065 -0.88990 0.45083
35.45400 -305.86468 -651.06236 -42.42207 0.05616 0.04109 -0.88995 0.45072
35.55743 -307.41181 -653.20796 -42.75808 0.05609 0.04061 -0.88972 0.45122
35.66109 -308.95958 -655.33972 -43.09473 0.05651 0.04099 -0.88960 0.45137
35.76477 -310.50929 -657.48426 -43.43878 0.05717 0.04138 -0.88937 0.45171
35.86833 -312.06897 -659.63518 -43.78458 0.05723 0.04113 -0.88942 0.45163
35.97207 -313.61450 -661.78184 -44.12707 0.05670 0.04070 -0.88933 0.45190
36.07584 -315.15153 -663.92453 -44.46868 0.05665 0.04040 -0.88907 0.45245
36.17953 -316.68823 -666.03692 -44.80188 0.05750 0.04035 -0.88916 0.45218
36.28328 -318.22392 -668.17001 -45.14002 0.05836 0.03998 -0.88878 0.45284
36.38684 -319.76464 -670.31368 -45.48630 0.05859 0.04077 -0.88870 0.45290
36.49055 -321.29886 -672.46716 -45.83911 0.05894 0.04087 -0.88849 0.45325
36.59414 -322.83654 -674.61213 -46.18842 0.05895 0.04124 -0.88848 0.45324
36.69776 -324.36917 -676.75150 -46.53649 0.05855 0.04087 -0.88831 0.45365
36.80150 -325.90004 -678.89114 -46.89363 0.05840 0.04114 -0.88826 0.45375
36.90521 -327.44155 -681.04370 -47.24196 0.05807 0.04111 -0.88810 0.45410
37.00885 -328.96118 -683.17554 -47.58886 0.05814 0.04148 -0.88812 0.45402
37.11259 -330.48552 -685.31269 -47.93829 0.05850 0.04169 -0.88822 0.45376
37.21633 -332.00854 -687.44595 -48.28241 0.05843 0.04216 -0.88814 0.45389
37.31995 -333.54186 -689.58828 -48.63693 0.05830 0.04277 -0.88829 0.45356
37.42372 -335.07441 -691.75289 -48.99583 0.05802 0.04321 -0.88822 0.45369
37.52730 -336.61563 -693.90209 -49.34568 0.05800 0.04301 -0.88840 0.45335
37.63105 -338.14914 -696.05735 -49.70428 0.05871 0.04300 -0.88842 0.45323
37.73466 -339.68628 -698.20215 -50.05922 0.05946 0.04292 -0.88851 0.45297
37.83840 -341.22230 -700.33066 -50.42037 0.05989 0.04302 -0.88870 0.45252
37.94202 -342.75376 -702.45614 -50.78230 0.05985 0.04334 -0.88871 0.45248
38.04563 -344.29039 -704.59282 -51.14546 0.05969 0.04331 -0.88875 0.45243
38.14925 -345.82076 -706.73903 -51.50731 0.05987 0.04294 -0.88860 0.45272
38.25287 -347.36823 -708.87557 -51.87119 0.06035 0.04198 -0.88864 0.45268
38.35648 -348.89636 -711.02374 -52.22827 0.06072 0.04187 -0.88831 0.45328
38.46010 -350.43562 -713.16347 -52.59567 0.06117 0.04186 -0.88834 0.45316
38.56371 -351.97826 -715.28606 -52.95647 0.06105 0.04181 -0.88831 0.45325
38.66731 -353.50857 -717.41413 -53.32562 0.06097 0.04228 -0.88813 0.45357
38.77106 -355.02848 -719.55865 -53.68739 0.06061 0.04265 -0.88788 0.45407
38.87476 -356.56688 -721.71594 -54.04876 0.06040 0.04286 -0.88779 0.45425
38.97830 -358.11020 -723.87839 -54.41633 0.06110 0.04281 -0.88757 0.45460
39.08202 -359.63470 -726.03007 -54.78149 0.06243 0.04286 -0.88725 0.45503
39.18565 -361.14345 -728.16262 -55.15015 0.06298 0.04281 -0.88716 0.45514
39.28926 -362.66088 -730.29751 -55.52895 0.06313 0.04254 -0.88692 0.45562
39.39288 -364.19044 -732.44035 -55.90254 0.06332 0.04196 -0.88682 0.45583
39.49650 -365.69268 -734.55766 -56.27026 0.06239 0.04222 -0.88667 0.45622
39.60024 -367.20739 -736.71211 -56.63738 0.06235 0.04177 -0.88640 0.45679
39.70385 -368.73175 -738.85602 -57.01318 0.06229 0.04205 -0.88629 0.45699
39.80760 -370.24049 -741.00926 -57.38062 0.06269 0.04125 -0.88610 0.45737
39.91134 -371.75885 -743.15360 -57.74263 0.06262 0.04180 -0.88597 0.45759
40.01495 -373.26617 -745.31292 -58.11522 0.06241 0.04297 -0.88552 0.45838
40.11869 -374.76406 -747.46731 -58.49189 0.06199 0.04396 -0.88546 0.45845
40.22233 -376.28398 -749.64610 -58.86879 0.06211 0.04333 -0.88513 0.45913
40.32592 -377.78669 -751.81006 -59.23852 0.06224 0.04248 -0.88502 0.45942
40.42966 -379.28438 -753.95804 -59.60942 0.06206 0.04201 -0.88491 0.45969
40.53328 -380.79163 -756.11356 -59.98052 0.06276 0.04234 -0.88497 0.45945
40.63702 -382.28241 -758.26325 -60.35094 0.06308 0.04336 -0.88480 0.45965
40.74063 -383.79621 -760.44178 -60.73220 0.06345 0.04390 -0.88492 0.45930
40.84427 -385.30020 -762.61157 -61.11828 0.06243 0.04451 -0.88497 0.45930
40.94799 -386.78622 -764.76055 -61.49349 0.06220 0.04412 -0.88495 0.45940
41.05160 -388.29341 -766.92472 -61.87092 0.06337 0.04383 -0.88456 0.46002
41.15522 -389.80269 -769.08001 -62.25469 0.06436 0.04351 -0.88449 0.46004
41.25896 -391.31001 -771.23413 -62.64272 0.06507 0.04245 -0.88436 0.46029
41.36257 -392.79673 -773.39237 -63.02611 0.06454 0.04200 -0.88414 0.46084
41.46632 -394.28721 -775.54826 -63.41023 0.06360 0.04182 -0.88414 0.46097
41.56992 -395.77732 -777.71685 -63.78327 0.06336 0.04079 -0.88376 0.46184
41.67355 -397.26796 -779.88696 -64.15927 0.06374 0.04122 -0.88362 0.46201
41.77729 -398.76199 -782.06148 -64.53188 0.06430 0.04143 -0.88308 0.46295
41.88090 -400.23954 -784.21252 -64.91099 0.06465 0.04191 -0.88304 0.46293
41.98464 -401.71290 -786.36845 -65.29719 0.06439 0.04246 -0.88269 0.46357
42.08838 -403.19279 -788.54113 -65.68209 0.06439 0.04273 -0.88232 0.46425
42.19200 -404.69400 -790.73470 -66.06709 0.06433 0.04282 -0.88220 0.46450
42.29564 -406.17497 -792.91026 -66.45086 0.06424 0.04322 -0.88220 0.46447
42.39935 -407.65343 -795.10331 -66.83548 0.06399 0.04315 -0.88173 0.46540
42.50297 -409.12264 -797.28951 -67.21643 0.06427 0.04269 -0.88183 0.46522
42.60658 -410.59693 -799.47085 -67.59944 0.06471 0.04297 -0.88149 0.46577
42.71020 -412.06990 -801.65499 -67.98758 0.06517 0.04400 -0.88148 0.46563
42.81381 -413.53857 -803.83813 -68.37440 0.06479 0.04481 -0.88162 0.46533
42.91743 -415.00587 -806.02159 -68.76260 0.06415 0.04497 -0.88174 0.46518
43.02117 -416.47754 -808.19238 -69.14793 0.06393 0.04520 -0.88177 0.46514
43.12479 -417.95187 -810.37231 -69.53203 0.06395 0.04522 -0.88197 0.46475
43.22840 -419.42789 -812.55358 -69.91927 0.06467 0.04437 -0.88203 0.46462
43.33203 -420.89853 -814.71403 -70.30232 0.06529 0.04412 -0.88231 0.46403
43.43564 -422.36681 -816.86608 -70.68980 0.06578 0.04413 -0.88252 0.46356
43.53925 -423.84025 -819.04214 -71.08003 0.06633 0.04436 -0.88256 0.46337
43.64287 -425.31652 -821.20245 -71.47472 0.06613 0.04472 -0.88253 0.46343
43.74648 -426.77791 -823.36295 -71.86540 0.06491 0.04497 -0.88258 0.46349
43.85009 -428.24792 -825.50934 -72.24769 0.06431 0.04439 -0.88266 0.46348
43.95373 -429.70801 -827.66404 -72.62514 0.06424 0.04400 -0.88232 0.46416
44.05745 -431.17690 -829.82641 -73.00569 0.06461 0.04420 -0.88240 0.46394
44.16107 -432.65209 -831.97695 -73.39385 0.06548 0.04406 -0.88221 0.46420
44.26468 -434.12425 -834.13664 -73.78298 0.06588 0.04422 -0.88193 0.46466
44.36829 -435.58423 -836.30318 -74.17572 0.06634 0.04400 -0.88164 0.46515
44.47193 -437.05274 -838.45962 -74.57231 0.06681 0.04381 -0.88134 0.46567
44.57553 -438.51308 -840.63406 -74.97031 0.06729 0.04367 -0.88091 0.46644
44.67914 -439.96049 -842.80467 -75.36473 0.06736 0.04371 -0.88045 0.46728
44.78291 -441.42338 -844.97886 -75.76435 0.06792 0.04373 -0.88011 0.46784
44.88650 -442.86874 -847.14058 -76.16481 0.06845 0.04378 -0.87985 0.46825
44.99011 -444.31922 -849.33679 -76.57438 0.06896 0.04462 -0.87941 0.46892
45.09374 -445.78493 -851.53271 -76.98236 0.06876 0.04510 -0.87894 0.46979
45.19735 -447.24110 -853.73559 -77.39925 0.06848 0.04535 -0.87887 0.46994
45.30098 -448.68939 -855.93182 -77.81730 0.06873 0.04560 -0.87868 0.47022
45.40471 -450.13894 -858.12829 -78.22964 0.06950 0.04513 -0.87837 0.47074
45.50832 -451.58502 -860.32834 -78.64671 0.06957 0.04548 -0.87839 0.47066
45.61207 -453.03000 -862.52824 -79.06203 0.07023 0.04581 -0.87833 0.47064
45.71567 -454.46815 -864.71420 -79.48427 0.07080 0.04688 -0.87844 0.47025
45.81942 -455.90785 -866.89786 -79.90506 0.07074 0.04786 -0.87835 0.47033
45.92303 -457.34069 -869.08021 -80.33318 0.07028 0.04810 -0.87841 0.47025
46.02665 -458.77039 -871.25253 -80.75542 0.06997 0.04783 -0.87845 0.47026
46.13028 -460.21232 -873.44273 -81.18251 0.07040 0.04899 -0.87825 0.47045
46.23390 -461.64492 -875.62501 -81.60413 0.07052 0.04922 -0.87802 0.47083
46.33749 -463.08675 -877.81289 -82.03198 0.07029 0.04863 -0.87818 0.47063
46.44113 -464.51709 -879.99724 -82.45842 0.07056 0.04827 -0.87793 0.47110
46.54472 -465.96355 -882.21329 -82.88903 0.07142 0.04811 -0.87782 0.47119
46.64834 -467.41607 -884.43755 -83.32169 0.07276 0.04841 -0.87766 0.47126
46.75209 -468.85976 -886.64012 -83.76275 0.07355 0.04897 -0.87758 0.47122
46.85570 -470.30864 -888.83897 -84.20158 0.07418 0.04943 -0.87751 0.47120
46.95944 -471.75477 -891.04937 -84.64824 0.07439 0.04978 -0.87725 0.47162
47.06306 -473.18787 -893.25446 -85.09304 0.07433 0.04914 -0.87704 0.47208
47.16655 -474.62731 -895.46987 -85.54220 0.07494 0.04832 -0.87660 0.47288
47.27016 -476.06247 -897.65961 -85.97841 0.07563 0.04747 -0.87629 0.47344
47.37377 -477.47653 -899.84874 -86.41959 0.07618 0.04764 -0.87600 0.47388
47.47739 -478.90227 -902.05405 -86.86669 0.07712 0.04772 -0.87542 0.47479
47.58103 -480.33703 -904.26621 -87.31517 0.07776 0.04792 -0.87528 0.47492
47.68477 -481.73564 -906.45785 -87.76446 0.07862 0.04812 -0.87462 0.47596
47.78931 -483.13448 -908.66390 -88.21688 0.07826 0.04876 -0.87437 0.47643
47.89209 -484.53710 -910.86740 -88.67202 0.07811 0.04904 -0.87406 0.47698
47.99584 -485.93669 -913.07336 -89.13093 0.07824 0.04926 -0.87370 0.47761
48.09949 -487.33258 -915.27376 -89.58808 0.07852 0.04962 -0.87331 0.47822
48.20320 -488.71305 -917.46554 -90.04300 0.07885 0.04901 -0.87321 0.47841
48.30682 -490.09426 -919.65118 -90.49435 0.07895 0.04906 -0.87280 0.47915
48.41045 -491.48054 -921.84929 -90.95282 0.08004 0.04915 -0.87253 0.47945
48.51417 -492.84311 -924.03639 -91.41205 0.08067 0.04940 -0.87224 0.47984
48.61780 -494.21618 -926.23238 -91.87655 0.08107 0.04944 -0.87193 0.48033
48.72166 -495.57106 -928.41661 -92.34526 0.08081 0.05018 -0.87162 0.48087
48.82516 -496.92230 -930.59627 -92.80936 0.08098 0.05004 -0.87146 0.48114
48.92878 -498.27420 -932.77338 -93.27015 0.08087 0.05046 -0.87125 0.48149
49.03237 -499.62046 -934.94398 -93.73136 0.08091 0.05038 -0.87126 0.48148
49.13600 -500.98577 -937.14274 -94.19937 0.08101 0.04984 -0.87114 0.48173
49.23948 -502.33577 -939.31288 -94.66116 0.08082 0.04906 -0.87121 0.48171
49.34322 -503.67774 -941.48751 -95.12752 0.08192 0.04946 -0.87085 0.48215
49.44671 -505.02518 -943.65713 -95.59584 0.08308 0.05034 -0.87090 0.48176
49.55058 -506.36938 -945.83921 -96.07944 0.08194 0.05042 -0.87099 0.48180
49.65411 -507.70394 -948.01203 -96.54257 0.07834 0.05003 -0.87111 0.48221
49.75756 -509.04900 -950.18984 -96.98984 0.07782 0.04967 -0.87106 0.48243
49.86116 -510.38803 -952.36767 -97.44419 0.08111 0.05139 -0.87077 0.48223
49.96478 -511.72525 -954.53809 -97.91079 0.08305 0.05190 -0.87047 0.48238
50.06853 -513.06511 -956.70695 -98.40537 0.08383 0.05253 -0.87039 0.48232
50.17201 -514.41164 -958.89307 -98.90076 0.08432 0.05200 -0.87022 0.48261
50.27565 -515.74934 -961.05471 -99.38278 0.08475 0.05194 -0.86999 0.48294
50.37937 -517.08798 -963.23522 -99.87134 0.08547 0.05239 -0.86985 0.48302
50.48300 -518.43919 -965.41604 -100.36466 0.08559 0.05347 -0.86957 0.48339
50.58661 -519.78005 -967.60141 -100.86081 0.08574 0.05259 -0.86941 0.48375
50.69023 -521.11181 -969.77996 -101.35389 0.08579 0.05178 -0.86921 0.48419
50.79395 -522.43727 -971.95280 -101.84811 0.08571 0.05210 -0.86885 0.48480
50.89757 -523.76991 -974.12963 -102.33985 0.08643 0.05196 -0.86863 0.48509
51.00131 -525.09448 -976.30077 -102.83322 0.08662 0.05152 -0.86831 0.48567
51.10507 -526.42571 -978.48654 -103.32736 0.08681 0.05100 -0.86818 0.48592
51.20867 -527.74422 -980.67201 -103.82061 0.08681 0.05176 -0.86783 0.48647
51.31245 -529.06463 -982.87204 -104.32155 0.08763 0.05186 -0.86761 0.48671
51.41604 -530.38249 -985.06271 -104.82493 0.08814 0.05235 -0.86751 0.48675
51.51976 -531.68678 -987.24832 -105.33320 0.08949 0.05348 -0.86694 0.48740
51.62338 -533.00616 -989.43969 -105.84598 0.09099 0.05463 -0.86663 0.48754
51.72712 -534.30680 -991.61205 -106.36802 0.09196 0.05490 -0.86635 0.48783
51.83073 -535.60644 -993.79541 -106.89725 0.09159 0.05589 -0.86627 0.48791
51.93450 -536.90818 -995.99229 -107.42198 0.09118 0.05430 -0.86638 0.48798
52.03809 -538.21526 -998.18868 -107.94546 0.09200 0.05321 -0.86623 0.48821
52.14183 -539.53577 -1000.38131 -108.46085 0.09180 0.05259 -0.86653 0.48777
52.24544 -540.85826 -1002.59438 -108.98810 0.09158 0.05412 -0.86637 0.48794
52.34918 -542.18339 -1004.82035 -109.52087 0.09070 0.05551 -0.86642 0.48787
52.45295 -543.49488 -1007.03404 -110.04575 0.09001 0.05564 -0.86655 0.48774
52.55666 -544.80541 -1009.23357 -110.56931 0.09069 0.05461 -0.86642 0.48797
52.66028 -546.11901 -1011.42997 -111.09409 0.09211 0.05376 -0.86633 0.48795
52.76390 -547.42632 -1013.61107 -111.61343 0.09245 0.05277 -0.86635 0.48796
52.86764 -548.73867 -1015.79632 -112.13722 0.09238 0.05262 -0.86637 0.48796
52.97127 -550.04815 -1017.98054 -112.66167 0.09284 0.05289 -0.86620 0.48815
53.07487 -551.36053 -1020.18424 -113.18796 0.09321 0.05297 -0.86608 0.48828
53.17848 -552.67613 -1022.38213 -113.71671 0.09289 0.05323 -0.86596 0.48851
53.28224 -553.97497 -1024.57993 -114.23963 0.09244 0.05324 -0.86567 0.48912
53.38584 -555.26454 -1026.76165 -114.75329 0.09260 0.05314 -0.86552 0.48936
53.48946 -556.55816 -1028.93907 -115.27056 0.09325 0.05338 -0.86536 0.48950
53.59309 -557.87045 -1031.15523 -115.80279 0.09431 0.05418 -0.86489 0.49004
53.69668 -559.17186 -1033.35583 -116.33733 0.09471 0.05512 -0.86479 0.49004
53.80032 -560.47094 -1035.55194 -116.87485 0.09434 0.05572 -0.86481 0.49001
53.90404 -561.75830 -1037.74740 -117.40767 0.09312 0.05585 -0.86476 0.49030
54.00765 -563.03200 -1039.92637 -117.93224 0.09251 0.05565 -0.86471 0.49053
54.11144 -564.32446 -1042.10932 -118.46168 0.09341 0.05545 -0.86469 0.49042
54.21503 -565.61035 -1044.28454 -118.98604 0.09356 0.05534 -0.86430 0.49108
54.31875 -566.89287 -1046.45709 -119.51124 0.09352 0.05476 -0.86441 0.49097
54.42237 -568.19161 -1048.63585 -120.03992 0.09433 0.05443 -0.86449 0.49072
54.52598 -569.48837 -1050.81927 -120.56390 0.09502 0.05362 -0.86436 0.49089
54.62972 -570.75290 -1052.99924 -121.08527 0.09541 0.05270 -0.86444 0.49077
54.73334 -572.04021 -1055.17358 -121.61156 0.09581 0.05259 -0.86414 0.49123
54.83708 -573.30322 -1057.33322 -122.13411 0.09575 0.05385 -0.86386 0.49162
54.94070 -574.57138 -1059.50301 -122.65827 0.09443 0.05549 -0.86382 0.49176
55.04431 -575.82896 -1061.67958 -123.19123 0.09347 0.05799 -0.86359 0.49205
55.14795 -577.07754 -1063.84916 -123.71582 0.09183 0.05869 -0.86321 0.49295
55.25154 -578.32667 -1066.01020 -124.24067 0.09106 0.05869 -0.86305 0.49336
55.35530 -579.57277 -1068.17471 -124.75916 0.09170 0.05796 -0.86264 0.49405
55.45890 -580.83253 -1070.32925 -125.28149 0.09295 0.05759 -0.86229 0.49448
55.56254 -582.09119 -1072.48495 -125.80861 0.09399 0.05741 -0.86185 0.49506
55.66625 -583.34099 -1074.62496 -126.33718 0.09403 0.05699 -0.86167 0.49542
55.76989 -584.58120 -1076.78311 -126.86290 0.09313 0.05678 -0.86153 0.49585
55.87361 -585.82228 -1078.95202 -127.38372 0.09202 0.05664 -0.86157 0.49600
55.97729 -587.06452 -1081.12022 -127.90331 0.09304 0.05600 -0.86105 0.49680
56.08086 -588.31010 -1083.29652 -128.43438 0.09530 0.05589 -0.86071 0.49696
56.18447 -589.55128 -1085.46427 -128.96868 0.09639 0.05663 -0.86038 0.49724
56.28813 -590.77938 -1087.63005 -129.51086 0.09632 0.05856 -0.86026 0.49724
56.39170 -591.99958 -1089.79614 -130.05668 0.09482 0.06074 -0.85992 0.49784
56.49531 -593.21946 -1091.97627 -130.60146 0.09371 0.06158 -0.85971 0.49832
56.59892 -594.44316 -1094.15224 -131.13836 0.09329 0.06137 -0.85962 0.49858
56.70242 -595.65617 -1096.30820 -131.67233 0.09306 0.06088 -0.85969 0.49856
56.80603 -596.87939 -1098.46171 -132.20412 0.09302 0.06011 -0.85964 0.49875
56.90964 -598.10319 -1100.62004 -132.73271 0.09348 0.05903 -0.85979 0.49854
57.01338 -599.32012 -1102.77129 -133.25944 0.09465 0.05752 -0.85991 0.49829
57.11700 -600.55391 -1104.94436 -133.79496 0.09561 0.05818 -0.85957 0.49861
57.22062 -601.78670 -1107.11395 -134.33819 0.09594 0.05919 -0.85919 0.49909
57.32423 -603.00956 -1109.28480 -134.88674 0.09584 0.05829 -0.85936 0.49891
57.42772 -604.22688 -1111.47212 -135.43302 0.09518 0.05671 -0.85914 0.49961
57.53136 -605.43791 -1113.63354 -135.96796 0.09514 0.05454 -0.85905 0.50000
57.63495 -606.64401 -1115.79716 -136.49126 0.09608 0.05425 -0.85840 0.50098
57.73859 -607.84853 -1117.92949 -137.01489 0.09648 0.05439 -0.85850 0.50071
57.84218 -609.04906 -1120.07430 -137.54705 0.09669 0.05506 -0.85809 0.50131
57.94580 -610.24029 -1122.22336 -138.09020 0.09832 0.05753 -0.85759 0.50156
58.04953 -611.44064 -1124.38525 -138.63988 0.10009 0.05817 -0.85704 0.50208
58.15318 -612.63592 -1126.57147 -139.20574 0.10050 0.05790 -0.85685 0.50235
58.25681 -613.85112 -1128.77230 -139.77310 0.09929 0.05690 -0.85684 0.50272
58.36040 -615.05563 -1130.95900 -140.32483 0.09867 0.05641 -0.85658 0.50334
58.46400 -616.26273 -1133.13738 -140.87968 0.09881 0.05705 -0.85626 0.50379
58.56762 -617.44619 -1135.30851 -141.42759 0.09905 0.05739 -0.85619 0.50382
58.67136 -618.61976 -1137.48265 -141.98033 0.10001 0.05723 -0.85586 0.50421
58.77497 -619.80529 -1139.66174 -142.53787 0.10099 0.05770 -0.85530 0.50490
58.87871 -620.99070 -1141.85657 -143.10091 0.10117 0.05831 -0.85493 0.50544
58.98246 -622.16398 -1144.02162 -143.66453 0.10100 0.05789 -0.85470 0.50590
59.08607 -623.35008 -1146.20491 -144.22643 0.10079 0.05758 -0.85441 0.50647
59.18981 -624.52714 -1148.36823 -144.78482 0.10042 0.05816 -0.85408 0.50703
59.29357 -625.68965 -1150.54473 -145.34415 0.10091 0.05859 -0.85368 0.50757
59.39717 -626.85743 -1152.72250 -145.90364 0.10116 0.05790 -0.85337 0.50811
59.50091 -628.02941 -1154.91748 -146.47192 0.10053 0.05767 -0.85330 0.50837
59.60465 -629.19962 -1157.11214 -147.03812 0.10007 0.05805 -0.85275 0.50935
59.70826 -630.36318 -1159.31597 -147.59811 0.09997 0.05774 -0.85283 0.50927
59.81200 -631.53387 -1161.53288 -148.15447 0.09972 0.05722 -0.85247 0.50998
59.91574 -632.70300 -1163.73952 -148.71811 0.09973 0.05748 -0.85228 0.51027
60.01948 -633.87609 -1165.95447 -149.28529 0.10017 0.05761 -0.85205 0.51055
60.12310 -635.02625 -1168.17086 -149.84623 0.10056 0.05779 -0.85159 0.51122
60.22684 -636.19663 -1170.38280 -150.41444 0.10074 0.05818 -0.85154 0.51121
60.33046 -637.35407 -1172.60459 -150.98483 0.10092 0.05894 -0.85138 0.51137
60.43407 -638.52267 -1174.84064 -151.55662 0.10050 0.05947 -0.85120 0.51168
60.53783 -639.68171 -1177.04861 -152.13144 0.10035 0.06040 -0.85160 0.51094
60.64143 -640.83765 -1179.27339 -152.70548 0.10094 0.06039 -0.85134 0.51125
60.74517 -642.00514 -1181.50652 -153.28164 0.10126 0.06019 -0.85148 0.51099
60.84878 -643.17078 -1183.73623 -153.85837 0.10132 0.05976 -0.85148 0.51102
60.95240 -644.34072 -1185.95334 -154.43660 0.10194 0.06024 -0.85155 0.51072
61.05614 -645.50386 -1188.16823 -155.01757 0.10203 0.05940 -0.85163 0.51068
61.15976 -646.68285 -1190.39965 -155.60118 0.10152 0.05876 -0.85183 0.51052
61.26337 -647.85148 -1192.63346 -156.18419 0.10197 0.05927 -0.85182 0.51039
61.36698 -649.04072 -1194.88237 -156.77586 0.10287 0.06015 -0.85181 0.51011
61.47063 -650.20884 -1197.11177 -157.36683 0.10275 0.06007 -0.85180 0.51017
61.57422 -651.38317 -1199.34465 -157.96418 0.10223 0.05886 -0.85185 0.51032
61.67785 -652.55699 -1201.57498 -158.54551 0.10233 0.05808 -0.85168 0.51068
61.78412 -653.72963 -1203.80774 -159.12752 0.10293 0.05863 -0.85142 0.51093
61.88524 -654.91584 -1206.06076 -159.72158 0.10413 0.05956 -0.85123 0.51090
61.98891 -656.09958 -1208.31101 -160.32680 0.10569 0.06035 -0.85099 0.51089
62.09242 -657.27564 -1210.56919 -160.93958 0.10631 0.06086 -0.85081 0.51099
62.19657 -658.44645 -1212.81826 -161.55156 0.10556 0.06145 -0.85073 0.51121
62.30001 -659.61951 -1215.07186 -162.16278 0.10542 0.06120 -0.85069 0.51134
62.40341 -660.80983 -1217.33890 -162.77731 0.10523 0.06126 -0.85056 0.51159
62.50702 -662.00507 -1219.61018 -163.39229 0.10544 0.06121 -0.85048 0.51167
62.61105 -663.18581 -1221.87656 -163.99878 0.10541 0.06073 -0.85024 0.51214
62.71412 -664.37039 -1224.14703 -164.61119 0.10493 0.06036 -0.85015 0.51244
62.81773 -665.54899 -1226.41974 -165.21632 0.10486 0.05982 -0.84992 0.51289
62.92155 -666.72363 -1228.68891 -165.81990 0.10536 0.06022 -0.84969 0.51312
63.02496 -667.89893 -1230.97913 -166.43174 0.10615 0.05980 -0.84917 0.51387
63.12857 -669.07897 -1233.27273 -167.04731 0.10645 0.05991 -0.84921 0.51373
63.23221 -670.25891 -1235.55489 -167.66443 0.10680 0.06058 -0.84881 0.51425
63.33569 -671.44045 -1237.84753 -168.28732 0.10719 0.06078 -0.84861 0.51447
63.43930 -672.61444 -1240.14727 -168.91104 0.10763 0.06042 -0.84815 0.51517
63.54291 -673.78705 -1242.44000 -169.53492 0.10775 0.06043 -0.84819 0.51508
63.64652 -674.95742 -1244.74677 -170.15544 0.10760 0.05956 -0.84779 0.51587
63.75003 -676.12110 -1247.04496 -170.77647 0.10708 0.05946 -0.84738 0.51667
63.85363 -677.27651 -1249.33579 -171.39630 0.10635 0.05926 -0.84694 0.51756
63.95724 -678.44077 -1251.63501 -172.01425 0.10602 0.05900 -0.84647 0.51842
64.06073 -679.60890 -1253.94597 -172.62784 0.10619 0.05885 -0.84627 0.51874
64.16435 -680.75880 -1256.26494 -173.23973 0.10675 0.05902 -0.84585 0.51928
64.26797 -681.92239 -1258.58439 -173.86445 0.10668 0.05984 -0.84547 0.51982
64.37158 -683.08898 -1260.90860 -174.48794 0.10565 0.05981 -0.84544 0.52009
64.47520 -684.23844 -1263.24301 -175.10871 0.10493 0.05990 -0.84523 0.52057
64.57871 -685.39707 -1265.59037 -175.73151 0.10472 0.05933 -0.84533 0.52050
64.68258 -686.54099 -1267.93748 -176.34817 0.10505 0.05887 -0.84499 0.52104
64.78594 -687.69862 -1270.28478 -176.96685 0.10549 0.05894 -0.84490 0.52110
64.88962 -688.86249 -1272.64449 -177.59254 0.10571 0.05904 -0.84468 0.52140
64.99315 -690.03012 -1275.01406 -178.21930 0.10594 0.05972 -0.84457 0.52145
65.09677 -691.19426 -1277.37016 -178.84726 0.10639 0.06033 -0.84440 0.52157
65.20041 -692.34008 -1279.72804 -179.47805 0.10684 0.06086 -0.84403 0.52200
65.30413 -693.48608 -1282.08941 -180.11729 0.10759 0.06132 -0.84368 0.52237
65.40774 -694.64185 -1284.46143 -180.76405 0.10884 0.06100 -0.84337 0.52265
65.51137 -695.80109 -1286.84111 -181.41351 0.10840 0.06068 -0.84322 0.52302
65.61497 -696.95401 -1289.19776 -182.05318 0.10659 0.06004 -0.84317 0.52355
65.71930 -698.11142 -1291.57324 -182.69345 0.10388 0.05891 -0.84344 0.52377
65.82245 -699.26420 -1293.94891 -183.31522 0.10241 0.05734 -0.84341 0.52429
65.92608 -700.41261 -1296.33599 -183.92382 0.10278 0.05761 -0.84309 0.52470
66.02981 -701.56420 -1298.73349 -184.53659 0.10369 0.05805 -0.84262 0.52523
66.13343 -702.72716 -1301.13789 -185.16978 0.10461 0.05911 -0.84233 0.52540
66.23718 -703.87880 -1303.55624 -185.81361 0.10561 0.06017 -0.84212 0.52542
66.34090 -705.02058 -1305.96355 -186.45241 0.10646 0.06062 -0.84183 0.52565
66.44452 -706.17493 -1308.36432 -187.09375 0.10690 0.06074 -0.84165 0.52584
66.54825 -707.32355 -1310.77442 -187.73743 0.10688 0.06068 -0.84157 0.52598
66.65188 -708.48408 -1313.20016 -188.38353 0.10656 0.06064 -0.84152 0.52613
66.75549 -709.62939 -1315.61723 -189.02765 0.10602 0.06056 -0.84150 0.52627
66.85910 -710.77634 -1318.02899 -189.66907 0.10558 0.06008 -0.84145 0.52650
66.96272 -711.91978 -1320.43495 -190.29710 0.10581 0.05965 -0.84118 0.52693
67.06634 -713.05966 -1322.83259 -190.92596 0.10638 0.05997 -0.84098 0.52711
67.16996 -714.20071 -1325.20271 -191.56129 0.10650 0.06048 -0.84077 0.52735
67.27357 -715.32861 -1327.58119 -192.19228 0.10678 0.06043 -0.84051 0.52772
67.37719 -716.46059 -1329.95926 -192.82394 0.10685 0.06056 -0.84028 0.52806
67.48080 -717.60603 -1332.36587 -193.46095 0.10656 0.05970 -0.84047 0.52791
67.58429 -718.73980 -1334.79189 -194.10499 0.10625 0.05942 -0.84022 0.52840
67.68791 -719.86739 -1337.21955 -194.73911 0.10616 0.05910 -0.84015 0.52857
67.79152 -720.99968 -1339.63153 -195.37510 0.10618 0.05927 -0.83993 0.52889
67.89514 -722.13648 -1342.04009 -196.00527 0.10660 0.06001 -0.83978 0.52897
67.99874 -723.26522 -1344.44822 -196.63723 0.10763 0.05972 -0.83945 0.52930
68.10226 -724.39485 -1346.87502 -197.27658 0.10793 0.05871 -0.83949 0.52930
68.20586 -725.51889 -1349.28538 -197.92132 0.10760 0.05911 -0.83927 0.52967
68.30950 -726.65202 -1351.70506 -198.56266 0.10781 0.05908 -0.83922 0.52971
68.41296 -727.77080 -1354.09900 -199.19816 0.10743 0.05973 -0.83893 0.53018
68.51660 -728.89026 -1356.50523 -199.82612 0.10656 0.05913 -0.83913 0.53010
68.62020 -730.00390 -1358.90535 -200.45986 0.10570 0.05863 -0.83895 0.53061
68.72370 -731.12033 -1361.32631 -201.09091 0.10550 0.05883 -0.83871 0.53102
68.82730 -732.22672 -1363.73859 -201.71560 0.10658 0.05842 -0.83850 0.53118
68.93092 -733.35632 -1366.17113 -202.35229 0.10691 0.05908 -0.83832 0.53132
69.03442 -734.46954 -1368.58315 -202.98608 0.10776 0.05866 -0.83832 0.53120
69.13804 -735.57597 -1371.00745 -203.62787 0.10681 0.05921 -0.83804 0.53176
69.24164 -736.68834 -1373.43156 -204.26450 0.10623 0.05901 -0.83797 0.53202
69.34525 -737.80014 -1375.84117 -204.89713 0.10620 0.05863 -0.83782 0.53230
69.44887 -738.91764 -1378.26534 -205.52191 0.10640 0.05800 -0.83782 0.53233
69.55253 -740.02736 -1380.66658 -206.14560 0.10668 0.05805 -0.83765 0.53254
69.65610 -741.13333 -1383.07528 -206.77627 0.10711 0.05905 -0.83741 0.53272
69.75972 -742.24514 -1385.48576 -207.40374 0.10726 0.05895 -0.83711 0.53317
69.86333 -743.36947 -1387.90125 -208.03661 0.10721 0.05958 -0.83685 0.53351
69.96682 -744.46936 -1390.31950 -208.66806 0.10787 0.05875 -0.83685 0.53347
70.07046 -745.56033 -1392.74330 -209.29918 0.10754 0.05886 -0.83668 0.53379
70.17405 -746.64653 -1395.16028 -209.93254 0.10786 0.05901 -0.83636 0.53421
70.27768 -747.72767 -1397.56188 -210.55853 0.10764 0.05900 -0.83646 0.53410
70.38141 -748.81504 -1399.96334 -211.19005 0.10790 0.05899 -0.83606 0.53467
70.48505 -749.89635 -1402.36994 -211.81808 0.10778 0.05803 -0.83621 0.53458
70.58876 -750.97624 -1404.75629 -212.44539 0.10772 0.05771 -0.83564 0.53551
70.69238 -752.05922 -1407.14414 -213.06740 0.10782 0.05728 -0.83534 0.53600
70.79599 -753.14138 -1409.52613 -213.68896 0.10726 0.05743 -0.83482 0.53691
70.89976 -754.22588 -1411.92023 -214.30784 0.10754 0.05584 -0.83466 0.53727
71.00335 -755.28926 -1414.31578 -214.92582 0.10667 0.05636 -0.83463 0.53743
71.10720 -756.35245 -1416.71355 -215.54348 0.10594 0.05759 -0.83408 0.53830
71.21082 -757.42277 -1419.13064 -216.16240 0.10641 0.05751 -0.83416 0.53810
71.31434 -758.49062 -1421.55265 -216.78911 0.10666 0.05804 -0.83369 0.53872
71.41808 -759.56154 -1423.96769 -217.41234 0.10662 0.05797 -0.83380 0.53857
71.52180 -760.62854 -1426.37295 -218.03628 0.10701 0.05830 -0.83371 0.53859
71.62541 -761.68659 -1428.78858 -218.66167 0.10713 0.05804 -0.83323 0.53934
71.72915 -762.74252 -1431.20234 -219.28745 0.10747 0.05758 -0.83312 0.53948
71.83290 -763.79377 -1433.59205 -219.90536 0.10777 0.05751 -0.83281 0.53991
71.93653 -764.83628 -1435.99067 -220.52213 0.10812 0.05676 -0.83243 0.54050
72.04025 -765.87610 -1438.38333 -221.14091 0.10752 0.05700 -0.83231 0.54079
72.14399 -766.92138 -1440.77195 -221.75226 0.10705 0.05667 -0.83218 0.54112
72.24760 -767.97436 -1443.17396 -222.36826 0.10685 0.05616 -0.83205 0.54140
72.35137 -769.02133 -1445.57045 -222.98363 0.10706 0.05564 -0.83198 0.54153
72.45496 -770.03734 -1447.98219 -223.59078 0.10722 0.05544 -0.83148 0.54228
72.55861 -771.05856 -1450.37953 -224.20108 0.10749 0.05539 -0.83110 0.54282
72.66232 -772.09904 -1452.76765 -224.82271 0.10700 0.05632 -0.83128 0.54254
72.76606 -773.12824 -1455.15556 -225.43876 0.10669 0.05626 -0.83104 0.54297
72.86969 -774.14557 -1457.54984 -226.04535 0.10594 0.05591 -0.83096 0.54328
72.97342 -775.16684 -1459.94507 -226.65725 0.10531 0.05594 -0.83071 0.54378
73.07716 -776.19197 -1462.34877 -227.26212 0.10552 0.05581 -0.83060 0.54392
73.18081 -777.21354 -1464.75421 -227.86830 0.10583 0.05614 -0.83039 0.54415
73.28440 -778.24745 -1467.15394 -228.47352 0.10603 0.05647 -0.83041 0.54405
73.38813 -779.26491 -1469.56149 -229.08207 0.10596 0.05648 -0.83008 0.54456
73.49174 -780.27989 -1471.96179 -229.69274 0.10578 0.05650 -0.82977 0.54507
73.59536 -781.28470 -1474.34664 -230.29850 0.10593 0.05693 -0.82945 0.54549
73.69898 -782.28766 -1476.73020 -230.89432 0.10592 0.05658 -0.82945 0.54553
73.80272 -783.29581 -1479.10690 -231.49824 0.10585 0.05688 -0.82911 0.54601
73.90633 -784.30472 -1481.48901 -232.10751 0.10613 0.05754 -0.82910 0.54591
74.01009 -785.30086 -1483.86077 -232.71032 0.10679 0.05753 -0.82869 0.54641
74.11368 -786.28747 -1486.23848 -233.31637 0.10737 0.05730 -0.82872 0.54627
74.21743 -787.27342 -1488.61514 -233.92541 0.10744 0.05780 -0.82792 0.54742
74.32104 -788.26379 -1490.98651 -234.53244 0.10789 0.05762 -0.82817 0.54697
74.42470 -789.26260 -1493.36609 -235.14577 0.10770 0.05780 -0.82790 0.54740
74.52842 -790.25660 -1495.72983 -235.75607 0.10769 0.05777 -0.82779 0.54757
74.63201 -791.24027 -1498.11143 -236.36452 0.10765 0.05757 -0.82770 0.54773
74.73578 -792.21122 -1500.47720 -236.96806 0.10785 0.05707 -0.82743 0.54815
74.83937 -793.17720 -1502.83526 -237.56976 0.10788 0.05756 -0.82712 0.54857
74.94298 -794.15240 -1505.18573 -238.16937 0.10833 0.05743 -0.82713 0.54847
75.04674 -795.10532 -1507.51887 -238.77613 0.10858 0.05791 -0.82688 0.54875
75.15034 -796.05678 -1509.85984 -239.37135 0.10876 0.05833 -0.82687 0.54868
75.25396 -797.01644 -1512.19315 -239.97535 0.10889 0.05911 -0.82669 0.54884
75.35770 -797.99909 -1514.53553 -240.58327 0.10926 0.05936 -0.82681 0.54857
75.46143 -798.95489 -1516.86847 -241.19440 0.10990 0.05993 -0.82676 0.54845
75.56505 -799.90529 -1519.19495 -241.80076 0.10955 0.05987 -0.82684 0.54840
75.66879 -800.86612 -1521.50875 -242.41371 0.10964 0.05994 -0.82655 0.54882
75.77241 -801.81076 -1523.81186 -243.01446 0.10963 0.06055 -0.82666 0.54858
75.87616 -802.75657 -1526.11526 -243.62295 0.11004 0.06045 -0.82637 0.54896
75.97976 -803.70200 -1528.40340 -244.22758 0.10991 0.06006 -0.82631 0.54911
76.08325 -804.64356 -1530.70592 -244.82998 0.10949 0.05986 -0.82622 0.54936
76.18687 -805.58112 -1532.98660 -245.43723 0.11023 0.06018 -0.82608 0.54938
76.29048 -806.51029 -1535.27073 -246.03768 0.11140 0.06016 -0.82581 0.54955
76.39410 -807.43504 -1537.54800 -246.64808 0.11191 0.06049 -0.82547 0.54993
76.49761 -808.36051 -1539.83694 -247.25490 0.11143 0.06009 -0.82539 0.55019
76.60121 -809.28147 -1542.10600 -247.86063 0.11133 0.05975 -0.82524 0.55047
76.70486 -810.20750 -1544.37965 -248.47056 0.11138 0.05987 -0.82503 0.55076
76.80845 -811.13124 -1546.65088 -249.07302 0.11188 0.06052 -0.82464 0.55118
76.91195 -812.05077 -1548.90423 -249.67999 0.11253 0.06112 -0.82451 0.55117
77.01555 -812.96719 -1551.16882 -250.28944 0.11297 0.06167 -0.82441 0.55116
77.11918 -813.87648 -1553.44437 -250.90479 0.11344 0.06165 -0.82409 0.55155
77.22277 -814.78900 -1555.72338 -251.52289 0.11313 0.06144 -0.82402 0.55175
77.32639 -815.68602 -1557.98599 -252.13160 0.11180 0.06052 -0.82411 0.55197
77.43001 -816.58553 -1560.23974 -252.73309 0.11146 0.06044 -0.82380 0.55252
77.53363 -817.48546 -1562.49571 -253.33366 0.11224 0.06092 -0.82351 0.55275
77.63724 -818.40135 -1564.75110 -253.94060 0.11381 0.06205 -0.82305 0.55297
77.74086 -819.29774 -1567.00328 -254.55621 0.11526 0.06292 -0.82287 0.55285
77.84447 -820.19096 -1569.24562 -255.17381 0.11474 0.06306 -0.82289 0.55292
77.94826 -821.07213 -1571.47955 -255.79024 0.11394 0.06254 -0.82280 0.55327
78.05183 -821.94721 -1573.71932 -256.40190 0.11349 0.06226 -0.82253 0.55379
78.15545 -822.83066 -1575.95619 -257.00609 0.11415 0.06172 -0.82219 0.55422
78.25919 -823.70645 -1578.18269 -257.60783 0.11450 0.06213 -0.82217 0.55414
78.36280 -824.58356 -1580.40606 -258.21364 0.11454 0.06333 -0.82184 0.55448
78.46642 -825.46547 -1582.63063 -258.82165 0.11492 0.06379 -0.82193 0.55421
78.57005 -826.33335 -1584.84369 -259.43031 0.11516 0.06467 -0.82215 0.55374
78.67377 -827.19096 -1587.04647 -260.04178 0.11573 0.06527 -0.82207 0.55367
78.77738 -828.05734 -1589.23764 -260.65365 0.11588 0.06522 -0.82241 0.55314
78.88101 -828.91609 -1591.42051 -261.26535 0.11557 0.06522 -0.82264 0.55286
78.98461 -829.78415 -1593.59861 -261.87865 0.11534 0.06571 -0.82286 0.55253
79.08825 -830.66084 -1595.77659 -262.48725 0.11496 0.06592 -0.82314 0.55217
79.19184 -831.52349 -1597.95955 -263.09392 0.11526 0.06607 -0.82320 0.55198
79.29558 -832.39040 -1600.14256 -263.71078 0.11589 0.06635 -0.82323 0.55179
79.39920 -833.26687 -1602.33450 -264.33060 0.11585 0.06619 -0.82356 0.55131
79.50283 -834.13157 -1604.49142 -264.94435 0.11554 0.06631 -0.82379 0.55103
79.60643 -835.00363 -1606.66239 -265.55699 0.11590 0.06601 -0.82396 0.55072
79.71007 -835.87613 -1608.83253 -266.16798 0.11616 0.06599 -0.82426 0.55023
79.81379 -836.75705 -1610.99878 -266.78532 0.11645 0.06643 -0.82463 0.54956
79.91740 -837.62963 -1613.14801 -267.40083 0.11639 0.06762 -0.82510 0.54872
80.02104 -838.51101 -1615.29858 -268.01781 0.11660 0.06871 -0.82567 0.54768
80.12463 -839.38137 -1617.44426 -268.63475 0.11701 0.06962 -0.82627 0.54657
80.22839 -840.27011 -1619.59374 -269.25572 0.11724 0.06994 -0.82700 0.54537
80.33199 -841.15694 -1621.72584 -269.87606 0.11765 0.07016 -0.82775 0.54413
80.43560 -842.05934 -1623.84396 -270.49927 0.11743 0.07055 -0.82838 0.54315
80.53935 -842.96194 -1625.97164 -271.12217 0.11747 0.07090 -0.82900 0.54216
80.64296 -843.87227 -1628.08269 -271.73749 0.11713 0.07132 -0.83021 0.54031
80.74670 -844.76270 -1630.18027 -272.35254 0.11704 0.07188 -0.83095 0.53913
80.85032 -845.67357 -1632.27804 -272.96953 0.11756 0.07224 -0.83157 0.53801
80.95406 -846.58492 -1634.36699 -273.59182 0.11857 0.07267 -0.83206 0.53697
81.05769 -847.50798 -1636.44197 -274.21299 0.11904 0.07313 -0.83280 0.53565
81.16143 -848.42109 -1638.51867 -274.83573 0.11937 0.07301 -0.83312 0.53510
81.26503 -849.34065 -1640.59470 -275.46134 0.11879 0.07382 -0.83372 0.53418
81.36877 -850.26556 -1642.66024 -276.08500 0.11932 0.07389 -0.83398 0.53365
81.47239 -851.19824 -1644.71385 -276.70969 0.11951 0.07398 -0.83454 0.53272
81.57600 -852.14976 -1646.77772 -277.33893 0.12014 0.07366 -0.83477 0.53225
81.67961 -853.08532 -1648.81776 -277.95287 0.12073 0.07264 -0.83517 0.53164
81.78311 -854.04127 -1650.85975 -278.58086 0.12042 0.07242 -0.83532 0.53150
81.88672 -854.97842 -1652.89608 -279.19935 0.11967 0.07216 -0.83560 0.53127
81.99035 -855.89293 -1654.91743 -279.80794 0.11916 0.07279 -0.83592 0.53080
82.09395 -856.80328 -1656.91543 -280.40643 0.11897 0.07301 -0.83608 0.53055
82.19758 -857.72274 -1658.91386 -281.00596 0.11902 0.07229 -0.83602 0.53074
82.30118 -858.65106 -1660.91680 -281.61500 0.11917 0.07233 -0.83612 0.53054
82.40492 -859.58335 -1662.92071 -282.21996 0.11978 0.07305 -0.83617 0.53022
82.50854 -860.50533 -1664.92278 -282.82806 0.11996 0.07265 -0.83627 0.53007
82.61216 -861.42584 -1666.90983 -283.43140 0.11996 0.07288 -0.83600 0.53047
82.71589 -862.34404 -1668.89104 -284.03574 0.12029 0.07341 -0.83577 0.53069
82.81952 -863.25609 -1670.86850 -284.63906 0.12117 0.07368 -0.83546 0.53093
82.92313 -864.16699 -1672.84261 -285.24686 0.12310 0.07361 -0.83475 0.53162
83.02688 -865.07513 -1674.80494 -285.85633 0.12475 0.07430 -0.83406 0.53222
83.13048 -865.98292 -1676.77531 -286.47995 0.12561 0.07466 -0.83358 0.53272
83.23422 -866.86507 -1678.73804 -287.10457 0.12536 0.07411 -0.83317 0.53350
83.33786 -867.74340 -1680.70020 -287.72260 0.12321 0.07341 -0.83282 0.53464
83.44164 -868.62622 -1682.66150 -288.33170 0.12148 0.07085 -0.83223 0.53629
83.54523 -869.50546 -1684.63465 -288.92662 0.12242 0.07007 -0.83138 0.53750
83.64884 -870.36220 -1686.58486 -289.51892 0.12451 0.07024 -0.83040 0.53852
83.75255 -871.20428 -1688.52280 -290.11979 0.12527 0.07036 -0.82958 0.53958
83.85629 -872.04315 -1690.46637 -290.73054 0.12632 0.07191 -0.82857 0.54069
83.96003 -872.88110 -1692.43473 -291.35080 0.12675 0.07265 -0.82780 0.54167
84.06365 -873.71895 -1694.40465 -291.97240 0.12709 0.07175 -0.82724 0.54256
84.16741 -874.56273 -1696.38344 -292.58785 0.12808 0.07111 -0.82694 0.54287
84.27100 -875.38497 -1698.35080 -293.20531 0.12850 0.07162 -0.82635 0.54360
84.37510 -876.21034 -1700.31973 -293.82922 0.12835 0.07271 -0.82601 0.54402
84.47843 -877.03779 -1702.29728 -294.45977 0.12769 0.07372 -0.82579 0.54436
84.58213 -877.86279 -1704.28151 -295.08427 0.12675 0.07435 -0.82568 0.54467
84.68572 -878.67482 -1706.23992 -295.70410 0.12676 0.07508 -0.82550 0.54483
84.78941 -879.48131 -1708.18529 -296.31929 0.12697 0.07540 -0.82534 0.54499
84.89317 -880.28827 -1710.13502 -296.93568 0.12742 0.07569 -0.82517 0.54510
84.99684 -881.08985 -1712.06797 -297.54841 0.12749 0.07536 -0.82518 0.54511
85.10049 -881.89413 -1713.99143 -298.16445 0.12775 0.07579 -0.82522 0.54494
85.20407 -882.69754 -1715.89861 -298.77119 0.12748 0.07590 -0.82537 0.54474
85.30768 -883.49142 -1717.82260 -299.38014 0.12737 0.07620 -0.82523 0.54495
85.41144 -884.27952 -1719.72913 -299.98037 0.12819 0.07531 -0.82505 0.54515
85.51502 -885.07347 -1721.63670 -300.58956 0.12909 0.07568 -0.82477 0.54532
85.61878 -885.86464 -1723.53558 -301.20583 0.12965 0.07589 -0.82451 0.54555
85.72309 -886.65752 -1725.44680 -301.81913 0.13007 0.07613 -0.82435 0.54565
85.82650 -887.45421 -1727.36014 -302.44091 0.13056 0.07615 -0.82408 0.54594
85.92977 -888.23475 -1729.27343 -303.06135 0.13040 0.07705 -0.82373 0.54638
86.03369 -889.01565 -1731.17768 -303.67630 0.13103 0.07700 -0.82339 0.54674
86.13739 -889.78717 -1733.07278 -304.30409 0.13195 0.07622 -0.82299 0.54723
86.24076 -890.56658 -1734.97707 -304.91956 0.13123 0.07537 -0.82265 0.54804
86.34447 -891.33971 -1736.87662 -305.52943 0.13066 0.07416 -0.82232 0.54884
86.44845 -892.10838 -1738.77229 -306.13777 0.13073 0.07470 -0.82173 0.54962
86.55186 -892.86294 -1740.67001 -306.74985 0.13179 0.07610 -0.82110 0.55012
86.65563 -893.62074 -1742.56411 -307.37001 0.13222 0.07713 -0.82060 0.55061
86.75938 -894.37005 -1744.44864 -307.98715 0.13267 0.07803 -0.82000 0.55128
86.86301 -895.11126 -1746.32207 -308.60759 0.13357 0.07880 -0.81944 0.55179
86.96692 -895.85658 -1748.18546 -309.22570 0.13336 0.07870 -0.81921 0.55219
87.07055 -896.59086 -1750.06974 -309.85144 0.13278 0.07870 -0.81880 0.55294
87.17411 -897.33010 -1751.96125 -310.47193 0.13317 0.07938 -0.81827 0.55353
87.27832 -898.07167 -1753.83953 -311.10029 0.13397 0.07872 -0.81812 0.55366
87.38166 -898.80037 -1755.70136 -311.71310 0.13330 0.07847 -0.81813 0.55383
87.48535 -899.52374 -1757.56251 -312.32432 0.13395 0.07797 -0.81812 0.55377
87.58896 -900.21965 -1759.39053 -312.92249 0.13456 0.07683 -0.81806 0.55387
87.69270 -900.92132 -1761.22246 -313.51674 0.13575 0.07585 -0.81776 0.55415
87.79630 -901.62292 -1763.04563 -314.11784 0.13738 0.07568 -0.81785 0.55364
87.90012 -902.32100 -1764.85118 -314.71006 0.13760 0.07647 -0.81764 0.55378
88.00384 -903.01650 -1766.63774 -315.30206 0.13734 0.07718 -0.81792 0.55334
88.10740 -903.70015 -1768.40757 -315.89447 0.13620 0.07830 -0.81804 0.55329
88.21160 -904.38843 -1770.18757 -316.49045 0.13531 0.07926 -0.81813 0.55324
88.31496 -905.08143 -1771.98094 -317.08668 0.13488 0.07989 -0.81823 0.55310
88.41853 -905.77941 -1773.75516 -317.68508 0.13517 0.08082 -0.81843 0.55260
88.52233 -906.46587 -1775.54762 -318.27849 0.13552 0.08146 -0.81835 0.55254
88.62598 -907.15221 -1777.31203 -318.87658 0.13597 0.08213 -0.81859 0.55198
88.72978 -907.82833 -1779.05739 -319.46282 0.13583 0.08334 -0.81870 0.55167
88.83347 -908.52018 -1780.79846 -320.05858 0.13650 0.08422 -0.81906 0.55084
88.93726 -909.19802 -1782.52424 -320.65195 0.13703 0.08444 -0.81929 0.55033
89.04097 -909.89180 -1784.24616 -321.23452 0.13822 0.08326 -0.81978 0.54947
89.14456 -910.56956 -1785.95435 -321.82495 0.13959 0.08274 -0.82010 0.54874
89.24817 -911.26024 -1787.64104 -322.41277 0.14110 0.08178 -0.82031 0.54817
89.35191 -911.93175 -1789.31151 -322.99356 0.14179 0.08022 -0.82078 0.54753
89.45553 -912.62018 -1790.98146 -323.57038 0.14242 0.07901 -0.82116 0.54696
89.55915 -913.30150 -1792.63520 -324.14377 0.14321 0.07780 -0.82178 0.54599
89.66276 -913.97832 -1794.27800 -324.71295 0.14404 0.07674 -0.82227 0.54519
89.76651 -914.63615 -1795.90091 -325.27820 0.14483 0.07530 -0.82284 0.54432
89.87026 -915.31027 -1797.51613 -325.83287 0.14517 0.07473 -0.82330 0.54361
89.97398 -915.98003 -1799.12029 -326.38987 0.14576 0.07365 -0.82388 0.54272
90.07760 -916.64001 -1800.69324 -326.93564 0.14682 0.07313 -0.82482 0.54108
90.18134 -917.29566 -1802.25504 -327.47798 0.14773 0.07204 -0.82540 0.54009
90.28508 -917.94956 -1803.79970 -328.02226 0.14871 0.07088 -0.82618 0.53879
90.38882 -918.60271 -1805.31736 -328.55261 0.14940 0.07030 -0.82698 0.53744
90.49243 -919.25542 -1806.82689 -329.07881 0.14941 0.06976 -0.82849 0.53518
90.59617 -919.90063 -1808.31260 -329.60351 0.15007 0.07037 -0.82953 0.53329
90.69991 -920.54989 -1809.78345 -330.12728 0.15082 0.07042 -0.83147 0.53005
90.80353 -921.21222 -1811.23025 -330.63740 0.15075 0.07063 -0.83327 0.52720
90.90727 -921.86953 -1812.65058 -331.15190 0.15045 0.07158 -0.83562 0.52342
91.01101 -922.54458 -1814.05676 -331.66459 0.14940 0.07267 -0.83830 0.51929
91.11465 -923.21108 -1815.42994 -332.15955 0.14880 0.07324 -0.84160 0.51400
91.21837 -923.89481 -1816.78464 -332.65690 0.14774 0.07466 -0.84547 0.50772
91.32213 -924.59777 -1818.13276 -333.15018 0.14777 0.07426 -0.84919 0.50152
91.42585 -925.31780 -1819.45838 -333.64670 0.14814 0.07440 -0.85343 0.49415
91.52959 -926.04603 -1820.75760 -334.12923 0.14815 0.07440 -0.85759 0.48689
91.63323 -926.80579 -1822.01873 -334.61230 0.14853 0.07436 -0.86182 0.47924
91.73695 -927.57752 -1823.26353 -335.09950 0.14867 0.07489 -0.86622 0.47112
91.84069 -928.38071 -1824.48774 -335.57880 0.14778 0.07610 -0.87062 0.46302
91.94442 -929.19300 -1825.67970 -336.05351 0.14711 0.07548 -0.87540 0.45425
92.04816 -930.03638 -1826.87217 -336.53618 0.14633 0.07741 -0.87983 0.44552
92.15190 -930.89525 -1828.04270 -337.02220 0.14709 0.07818 -0.88481 0.43516
92.25565 -931.78330 -1829.19359 -337.50190 0.14697 0.07911 -0.88954 0.42529
92.35939 -932.69505 -1830.30795 -337.97476 0.14600 0.08040 -0.89430 0.41526
92.46312 -933.62827 -1831.40197 -338.45463 0.14468 0.08278 -0.89898 0.40504
92.56689 -934.59461 -1832.47559 -338.93210 0.14340 0.08321 -0.90403 0.39401
92.67048 -935.57240 -1833.52762 -339.40931 0.14273 0.08408 -0.90895 0.38259
92.77425 -936.58706 -1834.55062 -339.87739 0.14156 0.08622 -0.91375 0.37093
92.87797 -937.63005 -1835.52869 -340.33907 0.14155 0.08796 -0.91845 0.35872
92.98170 -938.70182 -1836.47324 -340.80555 0.14163 0.09074 -0.92291 0.34633
93.08545 -939.78957 -1837.40900 -341.26881 0.14152 0.09132 -0.92741 0.33398
93.18921 -940.89765 -1838.30030 -341.72933 0.13945 0.09211 -0.93197 0.32172
93.29293 -942.02935 -1839.14824 -342.18965 0.13732 0.09287 -0.93637 0.30941
93.39654 -943.18521 -1839.97975 -342.64057 0.13571 0.09368 -0.94050 0.29708
93.50028 -944.36562 -1840.78055 -343.08382 0.13380 0.09529 -0.94446 0.28463
93.60402 -945.56859 -1841.55027 -343.52336 0.13332 0.09578 -0.94846 0.27106
93.70767 -946.79510 -1842.28035 -343.95647 0.13222 0.09796 -0.95202 0.25803
93.81138 -948.05220 -1842.97348 -344.38312 0.13074 0.09882 -0.95584 0.24394
93.91512 -949.31708 -1843.62971 -344.80865 0.12885 0.09966 -0.95928 0.23075
94.01890 -950.60512 -1844.25636 -345.22354 0.12677 0.10013 -0.96284 0.21644
94.12248 -951.92471 -1844.84295 -345.63586 0.12537 0.10200 -0.96572 0.20315
94.22629 -953.24701 -1845.39387 -346.04212 0.12504 0.10282 -0.96852 0.18908
94.32983 -954.60177 -1845.89927 -346.44063 0.12380 0.10483 -0.97110 0.17504
94.43357 -955.95486 -1846.36218 -346.82516 0.12178 0.10636 -0.97364 0.16086
94.53720 -957.34114 -1846.77358 -347.20480 0.11948 0.10776 -0.97588 0.14757
94.64080 -958.73140 -1847.17229 -347.58536 0.11810 0.10911 -0.97789 0.13370
94.74454 -960.12722 -1847.52790 -347.95636 0.11718 0.10952 -0.97969 0.12038
94.84829 -961.52943 -1847.85453 -348.31789 0.11536 0.11082 -0.98132 0.10690
94.95189 -962.93954 -1848.12784 -348.66629 0.11400 0.11167 -0.98273 0.09364
95.05566 -964.36326 -1848.34797 -349.00781 0.11272 0.11250 -0.98395 0.08052
95.15937 -965.79846 -1848.54383 -349.34358 0.11042 0.11362 -0.98514 0.06638
95.26312 -967.26346 -1848.69321 -349.66842 0.10854 0.11369 -0.98611 0.05368
95.36673 -968.72644 -1848.81430 -349.98671 0.10631 0.11545 -0.98679 0.04022
95.47047 -970.20144 -1848.89841 -350.29587 0.10450 0.11518 -0.98744 0.02786
95.57409 -971.65503 -1848.95754 -350.59485 0.10314 0.11681 -0.98766 0.01548
95.67783 -973.10798 -1848.96391 -350.88750 -0.10227 -0.11705 0.98784 -0.00295
95.78157 -974.56350 -1848.91413 -351.16363 -0.10027 -0.11753 0.98795 0.00964
95.88520 -976.03081 -1848.84362 -351.43752 -0.09818 -0.11839 0.98785 0.02251
95.98880 -977.50571 -1848.74625 -351.69501 -0.09483 -0.12000 0.98761 0.03502
96.09254 -978.97440 -1848.60117 -351.94457 -0.09192 -0.12039 0.98727 0.04850
96.19616 -980.45447 -1848.42685 -352.18698 -0.08997 -0.12206 0.98654 0.06122
96.29977 -981.92475 -1848.21039 -352.41608 -0.08809 -0.12326 0.98558 0.07540
96.40341 -983.41377 -1847.95729 -352.63694 -0.08731 -0.12372 0.98446 0.08888
96.50713 -984.88992 -1847.65985 -352.84531 -0.08646 -0.12436 0.98314 0.10241
96.61091 -986.35448 -1847.32222 -353.03808 -0.08388 -0.12564 0.98159 0.11684
96.71450 -987.81042 -1846.94010 -353.22125 -0.08075 -0.12594 0.98012 0.13035
96.81822 -989.25129 -1846.52694 -353.40195 -0.07892 -0.12693 0.97828 0.14365
96.92184 -990.69340 -1846.06662 -353.56623 -0.07735 -0.12768 0.97613 0.15778
97.02558 -992.12321 -1845.56928 -353.71205 -0.07555 -0.12807 0.97392 0.17139
97.12932 -993.53322 -1845.03825 -353.84704 -0.07356 -0.12913 0.97139 0.18523
97.23306 -994.92397 -1844.46625 -353.97416 -0.07124 -0.13018 0.96860 0.19949
97.33681 -996.31458 -1843.84628 -354.08499 -0.06876 -0.13006 0.96579 0.21353
97.44042 -997.70248 -1843.17431 -354.17532 -0.06648 -0.13171 0.96234 0.22832
97.54416 -999.06268 -1842.47665 -354.26132 -0.06413 -0.13163 0.95900 0.24266
97.64790 -1000.41368 -1841.73138 -354.33346 -0.06217 -0.13331 0.95504 0.25743
97.75164 -1001.71801 -1840.94870 -354.38655 -0.06013 -0.13283 0.95137 0.27137
97.85525 -1003.00893 -1840.12810 -354.42620 -0.05849 -0.13386 0.94714 0.28562
97.95899 -1004.28550 -1839.27913 -354.45999 -0.05600 -0.13362 0.94282 0.30016
98.06274 -1005.51553 -1838.40140 -354.47502 -0.05382 -0.13462 0.93834 0.31386
98.16652 -1006.73732 -1837.47499 -354.48003 -0.05107 -0.13486 0.93367 0.32782
98.27011 -1007.93142 -1836.51321 -354.46702 -0.04824 -0.13536 0.92869 0.34190
98.37383 -1009.08731 -1835.52794 -354.44336 -0.04650 -0.13532 0.92344 0.35606
98.47745 -1010.21718 -1834.50602 -354.40699 -0.04456 -0.13564 0.91818 0.36955
98.58106 -1011.31721 -1833.46322 -354.36060 -0.04190 -0.13611 0.91244 0.38363
98.68480 -1012.39137 -1832.36361 -354.29672 -0.03893 -0.13644 0.90665 0.39731
98.78842 -1013.42421 -1831.25012 -354.21237 -0.03547 -0.13713 0.90058 0.41096
98.89215 -1014.43652 -1830.10351 -354.12066 -0.03280 -0.13690 0.89469 0.42393
98.99577 -1015.40692 -1828.94041 -354.02114 -0.03080 -0.13728 0.88856 0.43665
99.09951 -1016.34965 -1827.73798 -353.90064 -0.02904 -0.13702 0.88240 0.44917
99.20313 -1017.25500 -1826.51315 -353.76867 -0.02727 -0.13749 0.87603 0.46144
99.30675 -1018.14577 -1825.25129 -353.62520 -0.02477 -0.13762 0.86949 0.47374
99.41036 -1018.99144 -1823.96065 -353.47360 -0.02244 -0.13790 0.86295 0.48558
99.51397 -1019.81161 -1822.65154 -353.31232 -0.02052 -0.13749 0.85659 0.49692
99.61773 -1020.59480 -1821.32740 -353.13276 -0.01809 -0.13686 0.85033 0.50782
99.72133 -1021.35253 -1819.97513 -352.94444 -0.01579 -0.13673 0.84402 0.51834
99.82507 -1022.06169 -1818.59503 -352.74258 -0.01269 -0.13611 0.83780 0.52858
99.92869 -1022.74935 -1817.20251 -352.53296 -0.01171 -0.13610 0.83139 0.53863
100.03240 -1023.40977 -1815.79051 -352.31911 -0.01069 -0.13587 0.82491 0.54858
100.13620 -1024.04237 -1814.34591 -352.09598 -0.00913 -0.13654 0.81844 0.55806
100.23980 -1024.64855 -1812.88985 -351.86339 -0.00659 -0.13623 0.81252 0.56675
100.34350 -1025.22148 -1811.42148 -351.61925 -0.00496 -0.13600 0.80644 0.57545
100.44710 -1025.76655 -1809.92309 -351.36652 -0.00330 -0.13514 0.80083 0.58344
100.55080 -1026.28927 -1808.41954 -351.10369 -0.00205 -0.13463 0.79562 0.59064
100.65440 -1026.77627 -1806.88891 -350.82740 0.00018 -0.13377 0.79081 0.59726
100.75800 -1027.24226 -1805.34678 -350.55259 0.00228 -0.13335 0.78625 0.60334
100.86160 -1027.68860 -1803.80249 -350.26850 0.00398 -0.13318 0.78218 0.60864
100.96520 -1028.10868 -1802.24848 -349.98178 0.00587 -0.13258 0.77820 0.61384
101.06880 -1028.50800 -1800.67545 -349.68070 0.00664 -0.13262 0.77422 0.61884
101.17240 -1028.89094 -1799.09945 -349.37483 0.00789 -0.13229 0.77064 0.62334
101.27620 -1029.25523 -1797.50333 -349.06292 0.00880 -0.13203 0.76680 0.62810
101.37980 -1029.60890 -1795.91882 -348.75423 0.00933 -0.13252 0.76357 0.63191
101.48340 -1029.95573 -1794.32119 -348.43812 0.00958 -0.13223 0.76094 0.63514
101.58700 -1030.28844 -1792.69530 -348.12152 0.01008 -0.13050 0.75844 0.63846
101.69060 -1030.60844 -1791.04456 -347.79093 0.01009 -0.13049 0.75670 0.64053
101.79430 -1030.91565 -1789.39445 -347.46576 0.01104 -0.12983 0.75471 0.64299
101.89790 -1031.21525 -1787.74156 -347.13813 0.01062 -0.12970 0.75310 0.64491
102.00160 -1031.51433 -1786.07435 -346.80713 0.01073 -0.12966 0.75125 0.64707
102.10520 -1031.79947 -1784.43282 -346.47515 0.01073 -0.12987 0.74957 0.64897
102.20890 -1032.08105 -1782.77686 -346.13859 0.01087 -0.12905 0.74839 0.65050
102.31260 -1032.35164 -1781.13489 -345.81118 0.01049 -0.12935 0.74715 0.65187
102.41620 -1032.60923 -1779.49892 -345.48050 0.01085 -0.12902 0.74639 0.65279
102.52000 -1032.86187 -1777.85084 -345.14287 0.01118 -0.12929 0.74579 0.65341
102.62360 -1033.12381 -1776.19347 -344.81460 0.01133 -0.12921 0.74512 0.65420
102.72730 -1033.37709 -1774.54437 -344.47751 0.01127 -0.12959 0.74464 0.65466
102.83090 -1033.62725 -1772.87392 -344.13391 0.01134 -0.12931 0.74399 0.65546
102.93470 -1033.88201 -1771.20222 -343.79489 0.01184 -0.12904 0.74360 0.65595
103.03830 -1034.12924 -1769.53875 -343.46129 0.01123 -0.12885 0.74320 0.65645
103.14200 -1034.37693 -1767.87957 -343.12348 0.01106 -0.12856 0.74311 0.65662
103.24570 -1034.60893 -1766.22827 -342.78830 0.01091 -0.12805 0.74252 0.65738
103.34940 -1034.84290 -1764.55033 -342.45216 0.01017 -0.12832 0.74234 0.65754
103.45300 -1035.08608 -1762.87002 -342.11147 0.01042 -0.12794 0.74143 0.65864
103.55670 -1035.33227 -1761.18849 -341.77959 0.01031 -0.12855 0.74144 0.65851
103.66030 -1035.57415 -1759.49654 -341.43665 0.01060 -0.12811 0.74066 0.65947
103.76410 -1035.80855 -1757.83754 -341.10817 0.00963 -0.12828 0.74012 0.66005
103.86770 -1036.03555 -1756.18031 -340.77131 0.00942 -0.12812 0.73975 0.66050
103.97130 -1036.26432 -1754.52698 -340.43704 0.00951 -0.12838 0.73920 0.66107
104.07510 -1036.48822 -1752.88147 -340.10350 0.01023 -0.12932 0.73875 0.66138
104.17870 -1036.71704 -1751.24005 -339.77205 0.01067 -0.13014 0.73812 0.66192
104.28230 -1036.94033 -1749.61011 -339.43364 0.01135 -0.13077 0.73782 0.66211
104.38600 -1037.15769 -1748.00445 -339.09963 0.01187 -0.13078 0.73687 0.66315
104.48980 -1037.36035 -1746.38933 -338.76670 0.01165 -0.13045 0.73615 0.66403
104.59340 -1037.55676 -1744.76886 -338.42506 0.01151 -0.12995 0.73483 0.66558
104.69730 -1037.76094 -1743.16349 -338.08508 0.01138 -0.13031 0.73260 0.66797
104.80090 -1037.95731 -1741.55183 -337.75192 0.01135 -0.13053 0.73028 0.67046
104.90460 -1038.13423 -1739.97203 -337.41973 0.01166 -0.13089 0.72739 0.67352
105.00840 -1038.29463 -1738.39633 -337.08949 0.01225 -0.13110 0.72405 0.67706
105.11210 -1038.43584 -1736.83217 -336.74691 0.01282 -0.13080 0.72057 0.68082
105.21590 -1038.55573 -1735.27111 -336.40899 0.01297 -0.13049 0.71589 0.68579
105.31940 -1038.65949 -1733.74647 -336.07532 0.01378 -0.13053 0.71079 0.69104
105.42320 -1038.73438 -1732.22742 -335.74127 0.01433 -0.13074 0.70548 0.69642
105.52690 -1038.78976 -1730.71713 -335.40614 0.01581 -0.13091 0.69940 0.70246
105.63070 -1038.81688 -1729.21878 -335.06245 0.01762 -0.13146 0.69261 0.70901
105.73440 -1038.80649 -1727.74544 -334.71988 0.01981 -0.13108 0.68557 0.71583
105.83810 -1038.77076 -1726.28201 -334.36987 0.02200 -0.13106 0.67785 0.72309
105.94190 -1038.70294 -1724.83573 -334.01839 0.02373 -0.13033 0.67002 0.73043
106.04560 -1038.59932 -1723.39047 -333.67075 0.02532 -0.12938 0.66145 0.73831
106.14940 -1038.45515 -1721.96187 -333.31119 0.02745 -0.12933 0.65157 0.74698
106.25310 -1038.28766 -1720.54006 -332.95175 0.03023 -0.12882 0.64142 0.75570
106.35700 -1038.07961 -1719.14428 -332.59586 0.03255 -0.12844 0.63075 0.76459
106.46080 -1037.82445 -1717.75968 -332.23005 0.03622 -0.12775 0.61977 0.77346
106.56450 -1037.53270 -1716.38327 -331.85455 0.03985 -0.12665 0.60876 0.78217
106.66820 -1037.19606 -1715.01426 -331.47378 0.04313 -0.12569 0.59701 0.79115
106.77190 -1036.81845 -1713.66679 -331.09461 0.04614 -0.12410 0.58486 0.80025
106.87570 -1036.40499 -1712.32215 -330.70963 0.04819 -0.12247 0.57188 0.80971
106.97930 -1035.94624 -1710.99200 -330.31818 0.05033 -0.12121 0.55833 0.81917
107.08320 -1035.44147 -1709.68719 -329.92549 0.05316 -0.11993 0.54411 0.82870
107.18690 -1034.89985 -1708.40360 -329.53855 0.05548 -0.11938 0.52926 0.83819
107.29050 -1034.30851 -1707.14376 -329.13665 0.05944 -0.11912 0.51410 0.84733
107.39430 -1033.66481 -1705.93452 -328.74826 0.06216 -0.11853 0.49919 0.85609
107.49800 -1032.98562 -1704.73640 -328.35161 0.06454 -0.11678 0.48397 0.86485
107.60160 -1032.25515 -1703.56500 -327.94778 0.06818 -0.11535 0.46877 0.87310
107.70540 -1031.48746 -1702.42516 -327.54972 0.07029 -0.11448 0.45287 0.88140
107.80910 -1030.68698 -1701.30668 -327.15596 0.07203 -0.11249 0.43697 0.88950
107.91280 -1029.83465 -1700.21112 -326.75836 0.07446 -0.11098 0.42090 0.89721
108.01640 -1028.95191 -1699.15753 -326.36327 0.07752 -0.11048 0.40437 0.90458
108.12020 -1028.04538 -1698.14589 -325.97489 0.08042 -0.11017 0.38811 0.91147
108.22390 -1027.09363 -1697.17001 -325.58254 0.08382 -0.10894 0.37198 0.91801
108.32760 -1026.11975 -1696.22741 -325.19651 0.08693 -0.10779 0.35599 0.92417
108.43120 -1025.11286 -1695.33849 -324.81232 0.09051 -0.10641 0.33941 0.93021
108.53490 -1024.07182 -1694.47070 -324.42233 0.09333 -0.10561 0.32289 0.93588
108.63880 -1023.00097 -1693.64536 -324.04120 0.09634 -0.10453 0.30714 0.94099
108.74260 -1021.89440 -1692.84938 -323.65736 0.09936 -0.10485 0.29078 0.94582
108.84590 -1020.76814 -1692.09521 -323.28868 0.10298 -0.10382 0.27485 0.95030
108.94970 -1019.62277 -1691.40637 -322.92012 0.10526 -0.10202 0.26100 0.95414
109.05320 -1018.43713 -1690.75020 -322.55647 0.10740 -0.09971 0.24681 0.95792
109.15690 -1017.22269 -1690.12602 -322.19745 0.11081 -0.09803 0.23175 0.96146
109.26050 -1015.96441 -1689.53856 -321.84407 0.11278 -0.09742 0.21763 0.96459
109.36440 -1014.68739 -1688.98835 -321.48864 0.11665 -0.09718 0.20262 0.96742
109.46790 -1013.36720 -1688.46731 -321.13514 0.11895 -0.09629 0.18745 0.97028
109.57160 -1012.07152 -1687.98073 -320.79928 0.11881 -0.09416 0.17234 0.97330
109.67530 -1010.74798 -1687.53885 -320.46305 0.12052 -0.08979 0.15584 0.97628
109.77910 -1009.41976 -1687.11327 -320.12949 0.11905 -0.08920 0.13949 0.97899
109.88270 -1008.08807 -1686.73735 -319.81355 0.12224 -0.09227 0.12127 0.98073
109.98640 -1006.74907 -1686.41266 -319.50225 0.12241 -0.09528 0.10412 0.98239
110.09010 -1005.40697 -1686.13012 -319.18417 0.12498 -0.09252 0.08754 0.98395
110.19390 -1004.05772 -1685.88797 -318.86987 0.12735 -0.08777 0.07223 0.98532
110.29760 -1002.70400 -1685.68365 -318.57978 0.13025 -0.08330 0.05748 0.98630
110.40140 -1001.32591 -1685.52123 -318.30591 0.13272 -0.08097 0.04111 0.98698
110.50510 -999.97163 -1685.39433 -318.04297 0.13494 -0.08103 0.02380 0.98725
110.60890 -998.62373 -1685.31864 -317.79274 0.13661 -0.08114 0.00659 0.98727
110.71250 -997.26771 -1685.29920 -317.54935 0.13785 -0.08066 -0.00950 0.98712
110.81620 -995.90816 -1685.33706 -317.31376 0.13774 -0.08004 -0.02455 0.98692
110.92000 -994.54297 -1685.41084 -317.08463 0.13809 -0.07765 -0.04269 0.98645
111.02360 -993.18767 -1685.53292 -316.85885 0.13790 -0.07504 -0.05966 0.98580
111.12730 -991.81660 -1685.68794 -316.64945 0.13869 -0.07319 -0.07548 0.98474
111.23100 -990.44946 -1685.90029 -316.44665 0.13854 -0.07191 -0.09225 0.98343
111.33470 -989.07730 -1686.13770 -316.25539 0.14002 -0.06943 -0.10959 0.98161
111.43840 -987.71380 -1686.41538 -316.08308 0.14094 -0.06737 -0.12304 0.98003
111.54200 -986.33893 -1686.74966 -315.92435 0.14206 -0.06483 -0.13668 0.97823
111.64580 -984.99093 -1687.11133 -315.77295 0.14225 -0.06193 -0.14959 0.97650
111.74940 -983.63428 -1687.51709 -315.63751 0.14477 -0.06043 -0.16079 0.97444
111.85300 -982.29105 -1687.94525 -315.51743 0.14562 -0.05883 -0.17346 0.97224
111.95660 -980.95545 -1688.41796 -315.39505 0.14717 -0.05854 -0.18417 0.97005
112.06020 -979.62599 -1688.91605 -315.28722 0.14895 -0.05799 -0.19387 0.96792
112.16380 -978.31835 -1689.43124 -315.18574 0.14976 -0.05689 -0.20131 0.96634
112.26840 -977.01420 -1689.97476 -315.09683 0.15122 -0.05438 -0.20828 0.96478
112.37090 -975.72202 -1690.55380 -315.02228 0.15128 -0.05242 -0.21607 0.96316
112.47460 -974.42265 -1691.15706 -314.95073 0.15199 -0.05174 -0.22348 0.96139
112.57820 -973.12896 -1691.80358 -314.89691 0.15213 -0.05185 -0.22989 0.95985
112.68170 -971.86455 -1692.44466 -314.84558 0.15377 -0.05135 -0.23617 0.95809
112.78560 -970.58335 -1693.11764 -314.79733 0.15336 -0.04991 -0.23959 0.95739
112.88980 -969.31229 -1693.80437 -314.75242 0.15293 -0.04928 -0.24065 0.95722
112.99240 -968.03413 -1694.51942 -314.71708 0.15297 -0.04917 -0.24174 0.95695
113.09600 -966.74993 -1695.24293 -314.68836 0.15221 -0.04867 -0.24241 0.95692
113.19960 -965.44899 -1695.97741 -314.66216 0.15195 -0.04712 -0.24212 0.95711
113.30320 -964.15533 -1696.72215 -314.63861 0.15224 -0.04592 -0.24286 0.95694
113.40730 -962.83587 -1697.46217 -314.61626 0.15214 -0.04535 -0.24311 0.95692
113.51050 -961.50384 -1698.20232 -314.58752 0.15189 -0.04551 -0.24287 0.95701
113.61420 -960.13666 -1698.96130 -314.56171 0.15211 -0.04516 -0.24403 0.95670
113.71790 -958.75671 -1699.71832 -314.53670 0.15166 -0.04602 -0.24336 0.95690
113.82380 -957.34995 -1700.48774 -314.50266 0.15128 -0.04643 -0.24581 0.95631
113.92520 -955.90799 -1701.26060 -314.46155 0.15132 -0.04545 -0.24521 0.95651
114.02880 -954.47653 -1702.07048 -314.43603 0.15316 -0.04422 -0.24557 0.95618
