0.10000 0.26148 -0.00977 0.02615 -0.00044 0.00016 -0.00049 1.00000
0.20000 0.50737 -0.00506 0.00861 -0.00038 -0.00042 -0.00126 1.00000
0.30000 0.75923 -0.00886 -0.01499 -0.00082 -0.00003 -0.00151 1.00000
0.40000 1.03308 -0.01320 -0.02135 0.00011 -0.00052 -0.00243 1.00000
0.50000 1.32278 -0.01602 -0.02922 0.00061 -0.00074 -0.00347 0.99999
0.60000 1.62709 -0.02735 -0.03682 -0.00008 0.00014 -0.00364 0.99999
0.70000 1.94394 -0.03639 -0.03602 0.00015 0.00105 -0.00388 0.99999
0.80001 2.28324 -0.04076 -0.02803 0.00114 0.00203 -0.00470 0.99999
0.90001 2.62116 -0.05018 -0.03346 0.00081 0.00277 -0.00534 0.99998
1.00001 2.97409 -0.06167 -0.04728 -0.00031 0.00261 -0.00566 0.99998
1.10000 3.34032 -0.07250 -0.05240 0.00045 0.00254 -0.00637 0.99998
1.20001 3.70881 -0.08992 -0.04738 0.00212 0.00192 -0.00714 0.99997
1.30001 4.09083 -0.11107 -0.05918 0.00208 0.00223 -0.00753 0.99997
1.40001 4.48208 -0.11917 -0.06283 0.00244 0.00225 -0.00804 0.99996
1.50000 4.88293 -0.14041 -0.07078 0.00295 0.00238 -0.00881 0.99995
1.60000 5.29901 -0.15801 -0.07508 0.00283 0.00180 -0.00969 0.99995
1.70001 5.72448 -0.16163 -0.08292 0.00326 0.00187 -0.01025 0.99994
1.80001 6.15145 -0.18411 -0.09681 0.00321 0.00259 -0.01049 0.99994
1.90000 6.59899 -0.18733 -0.10413 0.00335 0.00288 -0.01115 0.99993
2.00001 7.04181 -0.20540 -0.10572 0.00471 0.00257 -0.01193 0.99991
2.10001 7.50426 -0.22523 -0.11413 0.00473 0.00281 -0.01268 0.99990
2.20001 7.96553 -0.23962 -0.12094 0.00498 0.00294 -0.01362 0.99989
2.30002 8.43752 -0.26056 -0.12537 0.00423 0.00284 -0.01478 0.99988
2.40001 8.90608 -0.28114 -0.12996 0.00420 0.00259 -0.01637 0.99985
2.50001 9.39010 -0.30778 -0.13832 0.00554 0.00249 -0.01828 0.99981
2.60001 9.87691 -0.35117 -0.14949 0.00521 0.00233 -0.02055 0.99977
2.70001 10.36449 -0.38567 -0.15671 0.00429 0.00197 -0.02276 0.99973
2.80002 10.86650 -0.40957 -0.14846 0.00357 0.00129 -0.02592 0.99966
2.90001 11.36340 -0.45295 -0.16416 0.00261 0.00129 -0.02928 0.99957
3.00001 11.87451 -0.48765 -0.18475 0.00224 0.00085 -0.03335 0.99944
3.10001 12.38317 -0.54498 -0.18984 0.00411 0.00061 -0.03758 0.99929
3.20002 12.89368 -0.60350 -0.18305 0.00337 0.00104 -0.04189 0.99912
3.30002 13.41450 -0.66174 -0.19828 0.00225 0.00165 -0.04671 0.99890
3.40001 13.93697 -0.72927 -0.19985 0.00235 0.00206 -0.05221 0.99863
3.50001 14.46621 -0.79937 -0.21605 0.00130 0.00290 -0.05768 0.99833
3.60001 14.99662 -0.88890 -0.21833 -0.00002 0.00463 -0.06335 0.99798
3.70001 15.52746 -0.96997 -0.22786 -0.00026 0.00516 -0.06959 0.99756
3.80001 16.06835 -1.07728 -0.24383 0.00091 0.00440 -0.07573 0.99712
3.90000 16.61245 -1.18541 -0.25386 0.00095 0.00416 -0.08185 0.99664
4.00000 17.16436 -1.30977 -0.27431 -0.00143 0.00478 -0.08823 0.99609
4.10000 17.72579 -1.43853 -0.28308 -0.00118 0.00528 -0.09437 0.99552
4.20001 18.29892 -1.56180 -0.29392 0.00028 0.00567 -0.10105 0.99487
4.30001 18.86623 -1.71070 -0.30884 -0.00226 0.00776 -0.10742 0.99418
4.40000 19.44792 -1.86528 -0.34272 -0.00499 0.00944 -0.11384 0.99344
4.50000 20.03956 -2.02777 -0.36158 -0.00746 0.01087 -0.12046 0.99263
4.60000 20.64526 -2.19713 -0.37221 -0.00506 0.01073 -0.12728 0.99180
4.70000 21.24091 -2.38405 -0.38528 -0.00347 0.01010 -0.13414 0.99091
4.80000 21.84244 -2.58128 -0.40263 -0.00545 0.01011 -0.14076 0.98998
4.90000 22.45708 -2.77749 -0.42866 -0.01053 0.01108 -0.14732 0.98897
4.99999 23.07874 -2.99108 -0.45045 -0.01308 0.01200 -0.15392 0.98792
5.09999 23.71301 -3.21221 -0.47373 -0.01329 0.01386 -0.16014 0.98691
5.19999 24.34062 -3.43346 -0.48425 -0.01550 0.01557 -0.16621 0.98585
5.29999 24.96991 -3.67959 -0.51042 -0.01509 0.01525 -0.17168 0.98492
5.39999 25.60920 -3.93269 -0.54703 -0.01342 0.01523 -0.17741 0.98393
5.50000 26.23928 -4.18335 -0.56849 -0.02021 0.01718 -0.18352 0.98266
5.60000 26.90119 -4.46575 -0.60380 -0.01854 0.01422 -0.18907 0.98169
5.70000 27.53709 -4.74292 -0.61750 -0.02008 0.01247 -0.19380 0.98076
5.80000 28.17631 -5.03573 -0.64026 -0.02444 0.01122 -0.19843 0.97975
5.90000 28.82313 -5.33273 -0.64157 -0.02259 0.00900 -0.20227 0.97903
5.99999 29.48341 -5.63508 -0.65323 -0.02063 0.01048 -0.20543 0.97840
6.09998 30.15057 -5.95013 -0.66231 -0.01829 0.01291 -0.20786 0.97790
6.19998 30.82012 -6.26769 -0.68138 -0.01985 0.01536 -0.20975 0.97743
6.29999 31.47957 -6.58177 -0.70578 -0.02125 0.01575 -0.21115 0.97710
6.39999 32.14120 -6.89221 -0.72522 -0.02028 0.01479 -0.21280 0.97677
6.49999 32.80971 -7.21031 -0.74421 -0.01745 0.01353 -0.21415 0.97655
6.59999 33.49086 -7.53261 -0.77858 -0.01894 0.01427 -0.21577 0.97616
6.69999 34.16829 -7.84619 -0.79384 -0.02194 0.01557 -0.21678 0.97585
6.79999 34.84592 -8.17709 -0.81794 -0.02190 0.01474 -0.21787 0.97562
6.89999 35.52146 -8.51930 -0.83177 -0.02164 0.01347 -0.21883 0.97543
6.99999 36.18495 -8.86071 -0.83970 -0.02274 0.01305 -0.21937 0.97529
7.09998 36.87686 -9.18962 -0.85496 -0.02067 0.01283 -0.21994 0.97521
7.19998 37.57121 -9.52042 -0.87067 -0.02267 0.01512 -0.22053 0.97500
7.29999 38.25819 -9.86453 -0.89957 -0.02274 0.01617 -0.22076 0.97493
7.39999 38.94878 -10.20727 -0.90595 -0.01889 0.01521 -0.22080 0.97502
7.49999 39.63322 -10.55379 -0.93394 -0.02075 0.01512 -0.22089 0.97496
7.59999 40.33178 -10.89803 -0.95512 -0.01905 0.01488 -0.22108 0.97496
7.70000 41.04626 -11.24096 -0.98652 -0.01999 0.01566 -0.22119 0.97490
7.80000 41.74960 -11.59093 -1.00522 -0.01754 0.01597 -0.22127 0.97492
7.90000 42.44803 -11.94847 -1.03241 -0.01888 0.01644 -0.22120 0.97491
8.00000 43.17126 -12.30028 -1.04374 -0.01517 0.01489 -0.22110 0.97502
8.10000 43.89385 -12.65467 -1.07117 -0.01622 0.01454 -0.22100 0.97503
8.20000 44.62410 -13.00835 -1.09603 -0.01852 0.01454 -0.22074 0.97505
8.30000 45.37130 -13.36138 -1.11787 -0.01860 0.01433 -0.22063 0.97507
8.40000 46.11409 -13.72690 -1.15161 -0.01825 0.01432 -0.22049 0.97511
8.49999 46.86345 -14.09436 -1.16777 -0.01594 0.01328 -0.22036 0.97520
8.59999 47.62234 -14.46008 -1.18583 -0.01530 0.01274 -0.22003 0.97529
8.70000 48.37321 -14.82535 -1.19099 -0.01096 0.01106 -0.21972 0.97544
8.80000 49.13713 -15.19274 -1.21013 -0.01408 0.01118 -0.21914 0.97553
8.90000 49.89917 -15.56334 -1.23447 -0.01877 0.01247 -0.21867 0.97554
9.00000 50.66834 -15.94681 -1.26425 -0.01756 0.01290 -0.21821 0.97566
9.10000 51.43854 -16.32198 -1.28444 -0.01329 0.01279 -0.21797 0.97578
9.20000 52.21003 -16.69738 -1.30858 -0.01033 0.01300 -0.21755 0.97591
9.30000 52.98633 -17.06112 -1.31963 -0.01227 0.01486 -0.21713 0.97595
9.40000 53.74975 -17.42726 -1.33685 -0.01352 0.01585 -0.21694 0.97596
9.50000 54.52672 -17.79367 -1.36428 -0.01564 0.01684 -0.21665 0.97598
9.60000 55.29578 -18.17087 -1.40464 -0.01316 0.01662 -0.21624 0.97611
9.70000 56.07282 -18.53970 -1.42933 -0.01438 0.01698 -0.21607 0.97612
9.80001 56.84429 -18.91532 -1.46313 -0.01159 0.01682 -0.21572 0.97624
9.90000 57.62824 -19.30332 -1.49501 -0.01295 0.01689 -0.21522 0.97633
10.00000 58.41407 -19.66487 -1.52305 -0.01363 0.01681 -0.21505 0.97636
10.10000 59.18872 -20.02716 -1.55968 -0.00984 0.01535 -0.21475 0.97650
10.20000 59.96331 -20.39016 -1.57654 -0.00809 0.01488 -0.21447 0.97658
10.30001 60.75634 -20.75900 -1.60466 -0.01190 0.01583 -0.21429 0.97657
10.40001 61.53744 -21.12806 -1.64693 -0.00869 0.01533 -0.21430 0.97661
10.50000 62.32348 -21.50560 -1.67453 -0.00973 0.01593 -0.21412 0.97663
10.60000 63.11481 -21.88027 -1.71091 -0.01048 0.01775 -0.21422 0.97657
10.70000 63.90688 -22.25334 -1.73638 -0.00722 0.01883 -0.21465 0.97648
10.80001 64.70111 -22.63976 -1.76344 -0.00661 0.01988 -0.21495 0.97640
10.90001 65.49731 -23.01921 -1.79955 -0.00847 0.01960 -0.21520 0.97634
11.00000 66.29227 -23.39790 -1.84362 -0.00698 0.01753 -0.21546 0.97633
11.10000 67.08598 -23.77389 -1.87379 -0.01030 0.01720 -0.21545 0.97631
11.20000 67.88814 -24.14770 -1.90371 -0.01129 0.01730 -0.21579 0.97622
11.30000 68.69140 -24.52984 -1.93624 -0.01223 0.01746 -0.21614 0.97613
11.40000 69.50220 -24.90503 -1.97662 -0.01202 0.01678 -0.21631 0.97611
11.50000 70.30590 -25.28885 -2.00580 -0.01369 0.01674 -0.21656 0.97603
11.60000 71.11774 -25.67527 -2.04283 -0.01351 0.01646 -0.21677 0.97599
11.70000 71.93234 -26.07648 -2.07073 -0.01232 0.01758 -0.21685 0.97597
11.80000 72.75055 -26.47836 -2.09918 -0.01066 0.01873 -0.21696 0.97594
11.90000 73.57562 -26.88180 -2.12971 -0.01031 0.01980 -0.21683 0.97595
11.99999 74.40793 -27.26946 -2.15374 -0.01183 0.02127 -0.21668 0.97594
12.09999 75.24038 -27.67057 -2.19138 -0.01029 0.02119 -0.21655 0.97599
12.20000 76.07188 -28.07443 -2.23126 -0.00746 0.02050 -0.21653 0.97603
12.30000 76.91050 -28.47424 -2.26186 -0.00632 0.01970 -0.21646 0.97607
12.40000 77.75192 -28.87197 -2.29503 -0.00821 0.01889 -0.21640 0.97609
12.49999 78.59021 -29.27397 -2.33929 -0.01034 0.01815 -0.21636 0.97609
12.59999 79.44952 -29.66997 -2.38167 -0.01314 0.01876 -0.21656 0.97600
12.70000 80.29897 -30.07729 -2.42716 -0.01217 0.01961 -0.21656 0.97600
12.80000 81.14956 -30.48932 -2.46022 -0.01345 0.01993 -0.21649 0.97599
12.89999 81.99593 -30.90275 -2.50076 -0.01116 0.01877 -0.21689 0.97595
13.00000 82.85705 -31.30752 -2.52919 -0.01108 0.01816 -0.21724 0.97589
13.09999 83.71018 -31.72252 -2.56807 -0.01065 0.01864 -0.21773 0.97577
13.20000 84.56944 -32.13976 -2.60257 -0.01022 0.01945 -0.21787 0.97573
13.30000 85.44366 -32.56026 -2.64620 -0.00847 0.01993 -0.21833 0.97563
13.39999 86.31888 -32.98047 -2.69531 -0.01019 0.02111 -0.21854 0.97555
13.49999 87.18117 -33.40523 -2.74098 -0.00919 0.02198 -0.21908 0.97542
13.59999 88.06190 -33.83271 -2.78558 -0.00944 0.02272 -0.21920 0.97537
13.69999 88.94768 -34.26909 -2.82778 -0.01035 0.02287 -0.21933 0.97533
13.80000 89.82665 -34.69449 -2.88048 -0.00843 0.02173 -0.21959 0.97531
13.90000 90.71122 -35.11877 -2.93132 -0.01123 0.02242 -0.21979 0.97522
13.99999 91.59470 -35.54181 -2.97285 -0.01224 0.02290 -0.22003 0.97515
14.09999 92.47903 -35.97386 -3.01431 -0.01482 0.02352 -0.22041 0.97501
14.19999 93.37487 -36.41323 -3.05744 -0.01465 0.02200 -0.22052 0.97502
14.29999 94.26997 -36.85866 -3.10847 -0.01245 0.02020 -0.22044 0.97511
14.39999 95.17028 -37.29325 -3.15072 -0.01042 0.01944 -0.22059 0.97512
14.49999 96.08491 -37.74237 -3.18277 -0.01242 0.02162 -0.22104 0.97494
14.59999 96.99054 -38.18537 -3.22048 -0.01340 0.02309 -0.22102 0.97490
14.70000 97.89882 -38.63166 -3.25697 -0.01407 0.02375 -0.22100 0.97488
14.80000 98.81052 -39.08328 -3.30227 -0.01328 0.02301 -0.22086 0.97494
14.89999 99.72212 -39.53334 -3.35412 -0.01347 0.02169 -0.22080 0.97499
14.99999 100.63025 -39.98755 -3.38782 -0.01030 0.01957 -0.22049 0.97514
15.09999 101.54848 -40.43169 -3.43503 -0.01039 0.01886 -0.22048 0.97515
15.20000 102.46598 -40.87860 -3.48278 -0.01072 0.01937 -0.22045 0.97515
15.29999 103.38318 -41.33416 -3.52158 -0.00978 0.02010 -0.22027 0.97518
15.39999 104.31132 -41.78547 -3.55581 -0.01167 0.02076 -0.21995 0.97522
15.49998 105.24551 -42.23818 -3.58726 -0.01087 0.01974 -0.21968 0.97531
15.59998 106.18036 -42.68744 -3.62585 -0.00911 0.01892 -0.21941 0.97541
15.69999 107.10720 -43.13629 -3.66097 -0.01010 0.01966 -0.21916 0.97544
15.79999 108.04841 -43.59776 -3.69991 -0.00820 0.01941 -0.21877 0.97555
15.89999 108.98905 -44.06032 -3.73157 -0.00733 0.01935 -0.21822 0.97568
15.99999 109.93451 -44.50348 -3.77763 -0.00645 0.01999 -0.21815 0.97569
16.09999 110.87890 -44.96334 -3.82011 -0.00795 0.02121 -0.21759 0.97578
16.19999 111.82749 -45.42258 -3.87259 -0.00433 0.02113 -0.21733 0.97586
16.29999 112.78174 -45.88393 -3.92736 -0.00693 0.02220 -0.21700 0.97589
16.39999 113.74083 -46.35305 -3.97026 -0.00898 0.02303 -0.21678 0.97591
16.49999 114.69534 -46.80523 -4.01916 -0.00882 0.02354 -0.21691 0.97587
16.59999 115.65707 -47.27381 -4.08186 -0.00486 0.02312 -0.21693 0.97590
16.70000 116.61772 -47.72686 -4.14015 -0.00318 0.02266 -0.21711 0.97588
16.80000 117.58462 -48.18760 -4.19470 -0.00312 0.02199 -0.21715 0.97589
16.90000 118.54111 -48.64370 -4.24268 -0.00398 0.02187 -0.21734 0.97584
16.99999 119.50411 -49.10795 -4.29749 -0.00415 0.02179 -0.21734 0.97584
17.09999 120.47665 -49.56974 -4.34583 -0.00779 0.02281 -0.21752 0.97576
17.19999 121.44063 -50.03885 -4.39797 -0.00591 0.02205 -0.21759 0.97577
17.29999 122.42002 -50.51552 -4.45652 -0.00442 0.02134 -0.21758 0.97580
17.39999 123.39975 -50.99068 -4.50583 -0.00342 0.02165 -0.21788 0.97573
17.49999 124.38108 -51.46357 -4.55099 -0.00523 0.02308 -0.21813 0.97563
17.59999 125.36263 -51.92538 -4.59683 -0.00534 0.02314 -0.21838 0.97557
17.69999 126.34818 -52.40431 -4.65359 -0.00498 0.02272 -0.21841 0.97558
17.79999 127.33197 -52.87815 -4.70963 -0.00543 0.02235 -0.21838 0.97559
17.89999 128.32419 -53.35566 -4.76045 -0.00391 0.02244 -0.21850 0.97557
17.99999 129.31448 -53.84411 -4.80752 -0.00443 0.02355 -0.21842 0.97556
18.09999 130.30797 -54.32662 -4.85760 -0.00316 0.02362 -0.21821 0.97561
18.19999 131.29597 -54.81261 -4.92363 -0.00029 0.02187 -0.21814 0.97567
18.30000 132.28230 -55.29120 -4.97219 -0.00153 0.02155 -0.21822 0.97566
18.39999 133.28110 -55.77440 -5.01877 -0.00511 0.02165 -0.21829 0.97563
18.49999 134.28297 -56.25658 -5.07157 -0.00313 0.02112 -0.21841 0.97562
18.59999 135.27746 -56.73450 -5.11486 -0.00182 0.02113 -0.21872 0.97556
18.69999 136.27621 -57.22398 -5.16303 -0.00281 0.02113 -0.21880 0.97554
18.79999 137.27996 -57.70940 -5.21506 -0.00226 0.02016 -0.21894 0.97553
18.89999 138.28349 -58.19093 -5.26326 -0.00102 0.01891 -0.21908 0.97552
18.99998 139.28759 -58.67548 -5.31221 -0.00118 0.01960 -0.21915 0.97549
19.09998 140.29679 -59.16614 -5.36151 -0.00277 0.02132 -0.21931 0.97542
19.19999 141.30941 -59.65025 -5.41508 -0.00544 0.02197 -0.21940 0.97537
19.29999 142.31972 -60.14066 -5.46817 -0.00653 0.02017 -0.21953 0.97538
19.39999 143.32419 -60.62880 -5.51129 -0.00713 0.01876 -0.21952 0.97540
19.49998 144.33109 -61.11561 -5.56371 -0.00659 0.01831 -0.21981 0.97535
19.59999 145.33924 -61.60024 -5.61602 -0.00758 0.01934 -0.21993 0.97529
19.69999 146.34806 -62.09372 -5.65955 -0.00643 0.01907 -0.22019 0.97525
19.79998 147.35149 -62.59346 -5.70359 -0.00507 0.01829 -0.22018 0.97527
19.89999 148.35779 -63.08421 -5.73869 -0.00465 0.01860 -0.22040 0.97522
19.99999 149.36437 -63.57602 -5.78475 -0.00543 0.01994 -0.22060 0.97515
20.09999 150.37988 -64.08356 -5.82651 -0.00658 0.02059 -0.22057 0.97513
20.19999 151.39315 -64.57506 -5.87079 -0.00855 0.01996 -0.22054 0.97514
20.29999 152.40514 -65.07233 -5.91188 -0.00582 0.01792 -0.22048 0.97521
20.39999 153.42833 -65.56846 -5.96163 -0.00278 0.01706 -0.22027 0.97529
20.49998 154.44164 -66.06133 -6.00522 -0.00688 0.01861 -0.22027 0.97524
20.59998 155.45723 -66.55691 -6.05212 -0.00477 0.01854 -0.21992 0.97533
20.69999 156.47416 -67.05687 -6.09900 -0.00471 0.01895 -0.21954 0.97541
20.79999 157.49192 -67.54943 -6.14420 -0.00604 0.02067 -0.21949 0.97538
20.89999 158.51748 -68.04778 -6.19262 -0.00669 0.02217 -0.21909 0.97543
20.99998 159.54295 -68.54727 -6.23437 -0.00597 0.02303 -0.21878 0.97549
21.09999 160.56322 -69.03855 -6.27952 -0.00529 0.02315 -0.21836 0.97558
21.19999 161.58965 -69.53534 -6.34538 -0.00384 0.02218 -0.21819 0.97565
21.29999 162.61446 -70.02658 -6.39063 -0.00803 0.02284 -0.21791 0.97567
21.39999 163.63287 -70.52115 -6.43616 -0.00811 0.02238 -0.21772 0.97572
21.49999 164.66754 -71.00778 -6.47861 -0.00926 0.02235 -0.21782 0.97569
21.59998 165.69158 -71.50125 -6.53954 -0.00764 0.02220 -0.21743 0.97579
21.69999 166.72795 -71.99709 -6.58758 -0.00465 0.02272 -0.21722 0.97585
21.79999 167.75467 -72.49972 -6.63379 -0.00432 0.02369 -0.21717 0.97584
21.89999 168.78729 -72.99556 -6.69923 -0.00002 0.02196 -0.21735 0.97585
21.99999 169.81766 -73.48657 -6.75374 -0.00158 0.02170 -0.21744 0.97583
22.09999 170.85852 -73.97887 -6.79301 -0.00434 0.02316 -0.21758 0.97576
22.19999 171.88414 -74.47426 -6.83290 -0.00443 0.02377 -0.21766 0.97573
22.29999 172.92020 -74.97320 -6.87870 -0.00589 0.02432 -0.21787 0.97566
22.39999 173.95494 -75.46984 -6.95069 -0.00180 0.02407 -0.21846 0.97555
22.49999 174.98718 -75.97522 -7.00936 -0.00360 0.02534 -0.21895 0.97540
22.59998 176.02464 -76.48055 -7.07419 -0.00274 0.02543 -0.21970 0.97523
22.69998 177.05486 -76.99125 -7.13452 -0.00052 0.02399 -0.21997 0.97521
22.79999 178.07758 -77.49762 -7.19964 0.00027 0.02202 -0.22031 0.97518
22.89999 179.10953 -78.01207 -7.25894 -0.00193 0.02108 -0.22038 0.97518
22.99998 180.14114 -78.51728 -7.31732 -0.00130 0.02129 -0.22026 0.97521
23.09999 181.19043 -79.03263 -7.37449 -0.00101 0.02309 -0.22035 0.97515
23.19999 182.23718 -79.53540 -7.42914 0.00020 0.02444 -0.22024 0.97514
23.29999 183.28872 -80.04112 -7.49324 0.00287 0.02564 -0.22032 0.97509
23.39999 184.33831 -80.55087 -7.56173 0.00278 0.02787 -0.22017 0.97506
23.49999 185.39230 -81.06324 -7.63457 0.00222 0.02940 -0.22003 0.97505
23.59999 186.45376 -81.57155 -7.70423 0.00378 0.02804 -0.22021 0.97504
23.69999 187.49124 -82.07535 -7.77248 0.00408 0.02425 -0.21970 0.97526
23.79999 188.53619 -82.58566 -7.84078 0.00161 0.02193 -0.21955 0.97535
23.89999 189.58322 -83.10576 -7.90558 0.00073 0.02226 -0.21923 0.97542
23.99998 190.64455 -83.62090 -7.96536 0.00108 0.02401 -0.21916 0.97539
24.09998 191.70175 -84.13648 -8.00905 0.00361 0.02427 -0.21904 0.97541
24.19998 192.75130 -84.64416 -8.06033 0.00368 0.02361 -0.21896 0.97544
24.29998 193.81472 -85.15584 -8.11973 0.00402 0.02246 -0.21877 0.97551
24.39999 194.88055 -85.67589 -8.17445 0.00349 0.02219 -0.21857 0.97556
24.49999 195.94610 -86.18578 -8.23093 0.00473 0.02226 -0.21867 0.97553
24.59999 197.01571 -86.69189 -8.28712 0.00401 0.02219 -0.21873 0.97553
24.69999 198.08637 -87.20234 -8.35449 0.00466 0.02087 -0.21859 0.97558
24.79999 199.14979 -87.72228 -8.41426 0.00197 0.02023 -0.21857 0.97561
24.89999 200.21870 -88.23534 -8.46721 0.00351 0.01882 -0.21869 0.97561
24.99998 201.28184 -88.74108 -8.51928 0.00344 0.01912 -0.21871 0.97560
25.09998 202.35327 -89.26011 -8.56693 0.00112 0.02081 -0.21887 0.97553
25.19999 203.42020 -89.78227 -8.61684 0.00181 0.02102 -0.21903 0.97549
25.29998 204.49089 -90.30056 -8.67344 0.00216 0.02089 -0.21883 0.97554
25.39998 205.56124 -90.82180 -8.72937 0.00081 0.02151 -0.21889 0.97551
25.49998 206.63853 -91.34883 -8.78249 0.00210 0.02116 -0.21885 0.97553
25.59998 207.70269 -91.86808 -8.85325 0.00318 0.01994 -0.21892 0.97553
25.69999 208.77074 -92.38300 -8.90644 0.00457 0.01866 -0.21891 0.97556
25.79999 209.84282 -92.89898 -8.95590 0.00233 0.01867 -0.21876 0.97560
25.89998 210.91439 -93.41085 -8.99761 -0.00057 0.02035 -0.21869 0.97558
25.99998 211.99321 -93.93286 -9.05543 0.00119 0.02170 -0.21871 0.97555
26.09998 213.06317 -94.44280 -9.10339 0.00249 0.02169 -0.21872 0.97554
26.19999 214.14230 -94.96115 -9.16263 0.00281 0.02013 -0.21864 0.97559
26.29999 215.20710 -95.47044 -9.22186 0.00133 0.01884 -0.21861 0.97563
26.39998 216.28185 -95.98985 -9.27161 -0.00274 0.01936 -0.21842 0.97566
26.49998 217.34874 -96.50077 -9.33648 -0.00088 0.01891 -0.21836 0.97568
26.59998 218.42636 -97.01241 -9.39216 -0.00084 0.01874 -0.21838 0.97568
26.69998 219.49736 -97.53965 -9.43516 -0.00090 0.01949 -0.21819 0.97571
26.79999 220.56904 -98.06479 -9.47881 0.00193 0.01989 -0.21824 0.97569
26.89998 221.64272 -98.59225 -9.52562 0.00421 0.02025 -0.21803 0.97572
26.99998 222.72143 -99.10926 -9.57492 0.00515 0.02002 -0.21819 0.97569
27.09998 223.80333 -99.62884 -9.62773 0.00472 0.01956 -0.21822 0.97569
27.19999 224.88676 -100.14744 -9.67531 0.00487 0.01901 -0.21817 0.97571
27.29999 225.96119 -100.66884 -9.73133 0.00412 0.01849 -0.21812 0.97574
27.39998 227.03508 -101.19135 -9.77752 0.00654 0.01752 -0.21787 0.97580
27.49998 228.11505 -101.71442 -9.83065 0.00549 0.01701 -0.21814 0.97575
27.59998 229.19539 -102.23663 -9.87907 0.00610 0.01602 -0.21809 0.97578
27.69999 230.27352 -102.76047 -9.91285 0.00764 0.01510 -0.21822 0.97575
27.79999 231.34441 -103.29159 -9.96121 0.01117 0.01386 -0.21848 0.97568
27.89999 232.43047 -103.80378 -9.99987 0.01066 0.01429 -0.21843 0.97569
27.99999 233.51609 -104.32412 -10.04269 0.00734 0.01578 -0.21865 0.97565
28.09998 234.59950 -104.83790 -10.09255 0.00398 0.01669 -0.21859 0.97567
28.19999 235.67075 -105.38053 -10.14203 0.00395 0.01706 -0.21842 0.97570
28.29999 236.74559 -105.89692 -10.17836 0.00232 0.01808 -0.21848 0.97567
28.39999 237.83392 -106.40965 -10.23823 0.00313 0.01816 -0.21866 0.97563
28.49998 238.92383 -106.92317 -10.30255 0.00554 0.01809 -0.21872 0.97560
28.59998 240.00765 -107.44055 -10.35411 0.00223 0.01984 -0.21853 0.97563
28.69999 241.09926 -107.95849 -10.41027 -0.00241 0.02159 -0.21836 0.97563
28.79999 242.18540 -108.47494 -10.46926 -0.00274 0.02171 -0.21821 0.97566
28.89999 243.27330 -109.01602 -10.53272 -0.00000 0.02053 -0.21815 0.97570
28.99998 244.35975 -109.53713 -10.58946 0.00343 0.01960 -0.21780 0.97579
29.09998 245.45744 -110.06865 -10.64146 0.00400 0.01927 -0.21781 0.97579
29.19998 246.55059 -110.59376 -10.69888 0.00664 0.01828 -0.21764 0.97583
29.29999 247.64601 -111.12432 -10.75866 0.00499 0.01913 -0.21754 0.97585
29.39998 248.74529 -111.66052 -10.81523 0.00642 0.01961 -0.21762 0.97582
29.49998 249.85253 -112.19140 -10.86973 0.00232 0.02102 -0.21760 0.97581
29.59998 250.95827 -112.73097 -10.92111 0.00175 0.02194 -0.21740 0.97583
29.69998 252.06141 -113.26566 -10.98583 0.00416 0.02159 -0.21739 0.97584
29.79998 253.16918 -113.78437 -11.04268 0.00540 0.02086 -0.21752 0.97582
29.89998 254.27425 -114.31958 -11.10067 0.00807 0.01936 -0.21761 0.97581
29.99998 255.38862 -114.84091 -11.16313 0.00978 0.01944 -0.21787 0.97573
30.09998 256.50065 -115.36878 -11.22711 0.00818 0.02039 -0.21791 0.97572
30.19998 257.60483 -115.91124 -11.28860 0.00870 0.01998 -0.21793 0.97572
30.29998 258.71070 -116.44050 -11.33760 0.00830 0.02006 -0.21791 0.97573
30.39998 259.82561 -116.98432 -11.39991 0.00940 0.01961 -0.21795 0.97572
30.49998 260.94569 -117.52088 -11.45630 0.00785 0.01987 -0.21777 0.97577
30.59998 262.06391 -118.05290 -11.50644 0.00482 0.02081 -0.21788 0.97574
30.69998 263.18148 -118.59281 -11.57253 0.00505 0.02165 -0.21784 0.97573
30.79999 264.29284 -119.13026 -11.63817 0.00619 0.02150 -0.21781 0.97573
30.89998 265.40736 -119.66682 -11.71789 0.00798 0.02025 -0.21772 0.97577
30.99998 266.51598 -120.20625 -11.77707 0.00366 0.02050 -0.21768 0.97580
31.09998 267.61886 -120.73692 -11.83600 0.00427 0.01960 -0.21780 0.97579
31.19998 268.73651 -121.26811 -11.89038 0.00320 0.01934 -0.21748 0.97587
31.29998 269.85302 -121.79931 -11.94618 0.00314 0.01914 -0.21745 0.97588
31.39997 270.97773 -122.32801 -11.99045 -0.00050 0.01967 -0.21753 0.97585
31.49997 272.09811 -122.87046 -12.04706 -0.00084 0.01934 -0.21738 0.97589
31.59997 273.22313 -123.40158 -12.10423 0.00214 0.01951 -0.21752 0.97586
31.69997 274.34022 -123.93942 -12.16035 0.00512 0.02031 -0.21743 0.97585
31.79997 275.45860 -124.47831 -12.21797 0.00358 0.02195 -0.21748 0.97581
31.89998 276.57242 -125.02248 -12.27204 0.00485 0.02165 -0.21751 0.97581
31.99997 277.69327 -125.56407 -12.32572 0.00562 0.02121 -0.21774 0.97576
32.09997 278.81272 -126.10732 -12.38227 0.00431 0.02141 -0.21777 0.97576
32.19998 279.92719 -126.63686 -12.45253 0.00560 0.02103 -0.21821 0.97566
32.29998 281.04939 -127.16513 -12.51911 0.00447 0.02154 -0.21853 0.97558
32.39998 282.16740 -127.70659 -12.56826 0.00727 0.02147 -0.21893 0.97548
32.49998 283.28151 -128.26206 -12.62135 0.00696 0.02133 -0.21903 0.97546
32.59998 284.40372 -128.80699 -12.66963 0.00848 0.02098 -0.21943 0.97537
32.69998 285.52279 -129.34487 -12.72590 0.01139 0.02009 -0.21982 0.97527
32.79998 286.64556 -129.88774 -12.79195 0.01074 0.02007 -0.21988 0.97526
32.89997 287.76969 -130.43820 -12.86134 0.00908 0.02081 -0.22012 0.97521
32.99997 288.89524 -130.98907 -12.91932 0.01081 0.02058 -0.22038 0.97514
33.09997 290.02471 -131.52957 -12.97458 0.00854 0.02023 -0.22051 0.97514
33.19998 291.13399 -132.07224 -13.02771 0.00790 0.02003 -0.22086 0.97507
33.29998 292.25221 -132.61709 -13.10585 0.00710 0.02004 -0.22092 0.97506
33.39997 293.37192 -133.16442 -13.16673 0.00769 0.01929 -0.22109 0.97503
33.49997 294.48758 -133.71269 -13.22564 0.00938 0.01832 -0.22098 0.97506
33.59997 295.60527 -134.27022 -13.28200 0.01164 0.01779 -0.22080 0.97509
33.69998 296.72784 -134.82291 -13.34403 0.01189 0.01858 -0.22045 0.97515
33.79998 297.83850 -135.37555 -13.41164 0.00941 0.01957 -0.22031 0.97519
33.89998 298.95638 -135.92400 -13.47365 0.00914 0.01908 -0.22018 0.97523
33.99998 300.07873 -136.47129 -13.53257 0.01095 0.01803 -0.22015 0.97524
34.09997 301.19901 -137.01366 -13.59425 0.01084 0.01773 -0.22002 0.97527
34.19998 302.32478 -137.55565 -13.65033 0.01072 0.01791 -0.21999 0.97528
34.29997 303.44538 -138.09880 -13.69974 0.01339 0.01758 -0.21990 0.97527
34.39997 304.57534 -138.64197 -13.76523 0.01310 0.01822 -0.21983 0.97528
34.49996 305.69873 -139.17657 -13.81335 0.00889 0.02014 -0.21978 0.97530
34.59996 306.82125 -139.72647 -13.87060 0.01007 0.02114 -0.21975 0.97527
34.69997 307.94858 -140.28018 -13.92923 0.01465 0.02054 -0.21959 0.97527
34.79997 309.06574 -140.83338 -13.98548 0.01621 0.01975 -0.21948 0.97528
34.89996 310.18132 -141.38832 -14.04823 0.01687 0.01856 -0.21939 0.97532
34.99996 311.30268 -141.93536 -14.11150 0.01905 0.01764 -0.21940 0.97529
35.09996 312.43519 -142.48267 -14.16609 0.01862 0.01710 -0.21927 0.97534
35.19997 313.55914 -143.02713 -14.21733 0.01893 0.01624 -0.21917 0.97537
35.29997 314.69385 -143.56994 -14.26960 0.02049 0.01621 -0.21902 0.97537
35.39997 315.82394 -144.10231 -14.32304 0.01767 0.01869 -0.21893 0.97540
35.49997 316.95516 -144.64108 -14.39135 0.01754 0.02009 -0.21891 0.97538
35.59997 318.08327 -145.18353 -14.45314 0.01771 0.02081 -0.21856 0.97544
35.69998 319.21245 -145.72889 -14.52151 0.01763 0.02064 -0.21829 0.97551
35.79998 320.34192 -146.27813 -14.59863 0.01594 0.02035 -0.21808 0.97559
35.89998 321.47451 -146.82051 -14.66694 0.01496 0.02089 -0.21791 0.97563
35.99998 322.59843 -147.36347 -14.73746 0.01480 0.02075 -0.21783 0.97565
36.09998 323.73052 -147.90355 -14.80277 0.01521 0.02057 -0.21775 0.97567
36.19998 324.86255 -148.44241 -14.87509 0.01521 0.01983 -0.21769 0.97570
36.29998 325.99088 -148.99101 -14.94727 0.01576 0.01876 -0.21760 0.97573
36.39998 327.12258 -149.54130 -15.01926 0.01713 0.01650 -0.21750 0.97577
36.49997 328.24746 -150.08462 -15.07362 0.01612 0.01537 -0.21722 0.97587
36.59997 329.37911 -150.62309 -15.12187 0.01444 0.01454 -0.21712 0.97593
36.69998 330.51163 -151.15616 -15.17310 0.01715 0.01387 -0.21710 0.97590
36.79998 331.64293 -151.69983 -15.22068 0.01620 0.01450 -0.21718 0.97589
36.89998 332.77971 -152.24340 -15.26609 0.01437 0.01670 -0.21704 0.97591
36.99997 333.91652 -152.78319 -15.32313 0.01251 0.01815 -0.21740 0.97583
37.09998 335.04247 -153.32440 -15.37376 0.01302 0.01830 -0.21741 0.97582
37.19998 336.17400 -153.86485 -15.42718 0.01600 0.01711 -0.21759 0.97576
37.29998 337.30698 -154.41924 -15.48407 0.01644 0.01577 -0.21752 0.97579
37.39997 338.45066 -154.96940 -15.54567 0.01619 0.01521 -0.21772 0.97576
37.49997 339.59412 -155.51320 -15.59958 0.01639 0.01536 -0.21790 0.97571
37.59998 340.74020 -156.05081 -15.64507 0.01567 0.01602 -0.21808 0.97567
37.69998 341.88874 -156.61427 -15.69398 0.01385 0.01766 -0.21782 0.97573
37.79998 343.04225 -157.16679 -15.75055 0.01735 0.01782 -0.21808 0.97561
37.89998 344.19177 -157.72119 -15.80188 0.01670 0.01839 -0.21782 0.97567
37.99997 345.33662 -158.27844 -15.85459 0.01749 0.01842 -0.21811 0.97559
38.09997 346.50540 -158.82509 -15.91810 0.01512 0.01864 -0.21816 0.97562
38.19997 347.66923 -159.38956 -15.97917 0.01303 0.01826 -0.21805 0.97568
38.29997 348.83420 -159.95189 -16.04561 0.01204 0.01861 -0.21776 0.97575
38.39997 350.00545 -160.51189 -16.11844 0.01519 0.01861 -0.21809 0.97563
38.49997 351.18472 -161.09089 -16.19461 0.01665 0.01792 -0.21785 0.97567
38.59997 352.36670 -161.66260 -16.27791 0.01750 0.01653 -0.21796 0.97566
38.69997 353.55743 -162.24856 -16.34970 0.01530 0.01690 -0.21774 0.97574
38.79997 354.76051 -162.82051 -16.42653 0.01444 0.01699 -0.21781 0.97574
38.89997 355.96600 -163.39394 -16.48898 0.01480 0.01683 -0.21803 0.97569
38.99997 357.17757 -163.97596 -16.55245 0.01375 0.01763 -0.21799 0.97569
39.09997 358.40864 -164.56425 -16.62612 0.01508 0.01718 -0.21814 0.97565
39.19997 359.63406 -165.14647 -16.68935 0.01546 0.01690 -0.21830 0.97561
39.29997 360.87009 -165.74750 -16.75761 0.01283 0.01791 -0.21834 0.97562
39.39997 362.10940 -166.34707 -16.82880 0.01298 0.01832 -0.21841 0.97560
39.49997 363.35608 -166.95169 -16.89949 0.01518 0.01760 -0.21872 0.97551
39.59997 364.60875 -167.56176 -16.96971 0.01597 0.01704 -0.21876 0.97550
39.69997 365.87028 -168.16493 -17.02517 0.01859 0.01546 -0.21906 0.97541
39.79997 367.12677 -168.77824 -17.08675 0.01939 0.01481 -0.21935 0.97534
39.89997 368.39561 -169.39748 -17.14359 0.01734 0.01533 -0.21957 0.97532
39.99997 369.67044 -170.02470 -17.19973 0.01899 0.01530 -0.21971 0.97526
40.09997 370.95655 -170.64201 -17.25645 0.01896 0.01512 -0.22003 0.97519
40.19997 372.24576 -171.27388 -17.32457 0.01857 0.01363 -0.22004 0.97522
40.29997 373.53041 -171.89990 -17.38298 0.02011 0.01258 -0.21999 0.97521
40.39997 374.82600 -172.53056 -17.44644 0.02143 0.01239 -0.22014 0.97515
40.49997 376.12986 -173.14388 -17.50278 0.01965 0.01422 -0.22020 0.97515
40.59997 377.44186 -173.76870 -17.57092 0.01701 0.01621 -0.22018 0.97518
40.69997 378.75242 -174.41078 -17.64663 0.01593 0.01629 -0.22004 0.97522
40.79997 380.06108 -175.05707 -17.72689 0.01635 0.01562 -0.21995 0.97525
40.89996 381.37906 -175.70116 -17.79907 0.01844 0.01416 -0.21989 0.97525
40.99996 382.71045 -176.34265 -17.87342 0.01916 0.01269 -0.21991 0.97525
41.09996 384.03962 -176.97849 -17.94844 0.01935 0.01156 -0.22010 0.97522
41.19997 385.36659 -177.63562 -18.01878 0.01937 0.01176 -0.21999 0.97524
41.29997 386.70571 -178.29310 -18.07672 0.01752 0.01369 -0.21959 0.97534
41.39997 388.04966 -178.95265 -18.13170 0.01741 0.01637 -0.21954 0.97531
41.49997 389.40076 -179.60421 -18.17426 0.01705 0.01902 -0.21986 0.97520
41.59997 390.75776 -180.26859 -18.24146 0.01878 0.01916 -0.21995 0.97514
41.69997 392.11240 -180.92330 -18.31762 0.02095 0.01730 -0.21972 0.97518
41.79997 393.46712 -181.58921 -18.40413 0.02165 0.01570 -0.21960 0.97522
41.89997 394.82585 -182.24914 -18.48213 0.01922 0.01574 -0.21962 0.97527
41.99997 396.20279 -182.91688 -18.55081 0.01974 0.01667 -0.21953 0.97526
42.09997 397.58420 -183.58323 -18.60727 0.02230 0.01750 -0.21962 0.97517
42.19997 398.96685 -184.24801 -18.68290 0.02512 0.01573 -0.21949 0.97516
42.29997 400.33702 -184.91529 -18.75259 0.02713 0.01374 -0.21931 0.97518
42.39997 401.71322 -185.58157 -18.82129 0.02255 0.01480 -0.21925 0.97530
42.49997 403.09266 -186.24442 -18.88664 0.01846 0.01653 -0.21897 0.97542
42.59997 404.47126 -186.90643 -18.94546 0.01745 0.01629 -0.21885 0.97547
42.69997 405.85354 -187.56283 -19.00893 0.02023 0.01516 -0.21885 0.97543
42.79997 407.22702 -188.24076 -19.08319 0.02452 0.01432 -0.21853 0.97542
42.89997 408.60481 -188.90409 -19.14568 0.02556 0.01427 -0.21849 0.97540
42.99997 409.98231 -189.57185 -19.22361 0.02663 0.01565 -0.21826 0.97540
43.09997 411.35385 -190.23077 -19.30715 0.02572 0.01598 -0.21784 0.97552
43.19997 412.72962 -190.89652 -19.38449 0.02274 0.01479 -0.21784 0.97561
43.29997 414.09849 -191.56207 -19.45576 0.02244 0.01399 -0.21758 0.97568
43.39996 415.48305 -192.21349 -19.52742 0.02274 0.01576 -0.21738 0.97569
43.49996 416.85700 -192.86327 -19.60091 0.02369 0.01809 -0.21719 0.97567
43.59996 418.22571 -193.51606 -19.67612 0.02245 0.02004 -0.21679 0.97575
43.69996 419.57558 -194.16971 -19.75328 0.02526 0.01916 -0.21676 0.97571
43.79996 420.91935 -194.81847 -19.84344 0.02386 0.01616 -0.21640 0.97588
43.89996 422.26628 -195.45588 -19.90314 0.02125 0.01417 -0.21615 0.97603
43.99996 423.60788 -196.09131 -19.96535 0.02048 0.01440 -0.21601 0.97607
44.09996 424.95787 -196.72740 -20.01815 0.02121 0.01741 -0.21618 0.97597
44.19997 426.29504 -197.37055 -20.07413 0.02399 0.01950 -0.21614 0.97587
44.29997 427.62049 -197.99941 -20.13121 0.02462 0.02007 -0.21587 0.97590
44.39997 428.93655 -198.63660 -20.19863 0.02583 0.01878 -0.21577 0.97592
44.49997 430.26262 -199.26115 -20.26718 0.02958 0.01816 -0.21600 0.97578
44.59997 431.57506 -199.87711 -20.34559 0.03174 0.01718 -0.21612 0.97570
44.69997 432.89019 -200.50481 -20.42575 0.02984 0.01717 -0.21611 0.97576
44.79997 434.19454 -201.11661 -20.50664 0.02730 0.01825 -0.21603 0.97583
44.89997 435.48193 -201.74576 -20.57574 0.02442 0.01807 -0.21586 0.97595
44.99997 436.77713 -202.36495 -20.63970 0.02183 0.01827 -0.21587 0.97601
45.09997 438.05647 -202.97662 -20.71565 0.02094 0.01934 -0.21587 0.97601
45.19997 439.33619 -203.58714 -20.78769 0.01850 0.01984 -0.21583 0.97605
45.29997 440.60545 -204.21308 -20.85247 0.02066 0.01739 -0.21568 0.97609
45.39997 441.88636 -204.82746 -20.92047 0.02327 0.01665 -0.21566 0.97605
45.49996 443.16235 -205.44323 -20.98706 0.02225 0.01862 -0.21578 0.97601
45.59996 444.44652 -206.03989 -21.06233 0.02325 0.01767 -0.21631 0.97589
45.69997 445.72061 -206.63834 -21.14096 0.02370 0.01538 -0.21684 0.97580
45.79996 446.99749 -207.25191 -21.21316 0.02476 0.01358 -0.21684 0.97580
45.89996 448.27559 -207.84704 -21.27059 0.02104 0.01345 -0.21724 0.97580
45.99996 449.55448 -208.45842 -21.33490 0.01851 0.01458 -0.21747 0.97578
46.09996 450.83195 -209.07685 -21.38561 0.01930 0.01599 -0.21754 0.97573
46.19997 452.11226 -209.70009 -21.44173 0.01808 0.01764 -0.21791 0.97564
46.29997 453.38863 -210.32136 -21.50007 0.02243 0.01692 -0.21793 0.97556
46.39997 454.66826 -210.93119 -21.56087 0.02406 0.01634 -0.21810 0.97549
46.49996 455.94235 -211.54024 -21.61512 0.02614 0.01585 -0.21825 0.97541
46.59996 457.22955 -212.15322 -21.67099 0.02077 0.01754 -0.21834 0.97549
46.69997 458.50742 -212.75784 -21.74712 0.01518 0.01860 -0.21823 0.97560
46.79997 459.79235 -213.36322 -21.81141 0.01359 0.01849 -0.21806 0.97567
46.89997 461.07285 -213.98042 -21.86501 0.01266 0.01811 -0.21806 0.97569
46.99996 462.34969 -214.57520 -21.91852 0.01491 0.01678 -0.21821 0.97564
47.09996 463.63364 -215.18729 -21.99127 0.01477 0.01695 -0.21814 0.97566
47.19996 464.91236 -215.79541 -22.05922 0.01660 0.01775 -0.21795 0.97566
47.29997 466.19004 -216.41833 -22.12713 0.01640 0.01896 -0.21787 0.97566
47.39996 467.46227 -217.04375 -22.20063 0.01759 0.01848 -0.21788 0.97564
47.49996 468.72702 -217.66212 -22.26909 0.01949 0.01629 -0.21775 0.97567
47.59997 470.00681 -218.27522 -22.34710 0.01795 0.01563 -0.21778 0.97571
47.69997 471.28784 -218.89215 -22.42035 0.01643 0.01702 -0.21787 0.97569
47.79997 472.56393 -219.51041 -22.48302 0.01692 0.01805 -0.21796 0.97564
47.89997 473.83880 -220.13041 -22.54796 0.01643 0.01821 -0.21800 0.97564
47.99996 475.11974 -220.74543 -22.61323 0.01605 0.01781 -0.21830 0.97559
48.09997 476.39074 -221.36664 -22.68589 0.01720 0.01733 -0.21854 0.97552
48.19997 477.67158 -221.98103 -22.75874 0.01553 0.01893 -0.21877 0.97547
48.29997 478.94991 -222.59840 -22.83181 0.01849 0.01946 -0.21922 0.97531
48.39997 480.22066 -223.21753 -22.90706 0.02171 0.01773 -0.21934 0.97525
48.49997 481.49467 -223.83244 -22.97538 0.02223 0.01631 -0.21970 0.97518
48.59996 482.78012 -224.44573 -23.03635 0.02228 0.01578 -0.21988 0.97514
48.69996 484.05756 -225.06227 -23.09517 0.01830 0.01766 -0.22009 0.97515
48.79997 485.33852 -225.67955 -23.15161 0.01752 0.01859 -0.22016 0.97513
48.89996 486.62510 -226.29805 -23.21501 0.02046 0.01759 -0.22036 0.97505
48.99996 487.90388 -226.92055 -23.28547 0.02166 0.01670 -0.22012 0.97509
49.09996 489.17792 -227.54573 -23.35986 0.02416 0.01574 -0.22018 0.97503
49.19996 490.45514 -228.16046 -23.41556 0.02389 0.01560 -0.22003 0.97507
49.29997 491.73282 -228.78625 -23.48019 0.02280 0.01614 -0.21999 0.97510
49.39997 493.00808 -229.41010 -23.55274 0.02275 0.01650 -0.22003 0.97509
49.49997 494.28942 -230.03412 -23.61545 0.02119 0.01740 -0.21989 0.97514
49.59997 495.55973 -230.64876 -23.69435 0.02174 0.01686 -0.21968 0.97518
49.69997 496.83612 -231.27058 -23.76314 0.02334 0.01534 -0.21969 0.97517
49.79997 498.11816 -231.89734 -23.83599 0.02244 0.01526 -0.21957 0.97522
49.89997 499.40300 -232.51488 -23.90861 0.02211 0.01593 -0.21951 0.97523
49.99996 500.69607 -233.12957 -23.97325 0.02229 0.01692 -0.21961 0.97519
50.09996 501.97486 -233.75723 -24.04389 0.02234 0.01796 -0.21979 0.97513
50.19996 503.26507 -234.37799 -24.10963 0.02580 0.01759 -0.21981 0.97504
50.29996 504.55207 -234.99747 -24.19183 0.02747 0.01661 -0.21987 0.97500
50.39996 505.84411 -235.62044 -24.25981 0.02696 0.01679 -0.21984 0.97502
50.49996 507.14086 -236.24967 -24.32281 0.02628 0.01739 -0.21982 0.97503
50.59996 508.43367 -236.88533 -24.40540 0.02660 0.01617 -0.21969 0.97507
50.69997 509.73047 -237.51779 -24.48567 0.02616 0.01548 -0.21962 0.97511
50.79997 511.03165 -238.15239 -24.55815 0.02693 0.01572 -0.21949 0.97512
50.89997 512.33849 -238.77890 -24.61548 0.02388 0.01628 -0.21924 0.97524
50.99996 513.64863 -239.40455 -24.68755 0.02263 0.01698 -0.21941 0.97522
51.09996 514.95557 -240.03671 -24.75002 0.02049 0.01839 -0.21932 0.97526
51.19997 516.26594 -240.67246 -24.80629 0.02413 0.01740 -0.21939 0.97518
51.29997 517.56966 -241.30930 -24.85405 0.02696 0.01632 -0.21941 0.97512
51.39996 518.87143 -241.95246 -24.92307 0.03033 0.01475 -0.21959 0.97501
51.49996 520.17548 -242.58437 -24.99603 0.03010 0.01395 -0.21958 0.97503
51.59996 521.48975 -243.21609 -25.07431 0.03352 0.01251 -0.21995 0.97486
51.69996 522.80080 -243.85622 -25.14516 0.03186 0.01279 -0.21976 0.97495
51.79996 524.11052 -244.47799 -25.21573 0.03053 0.01413 -0.21972 0.97498
51.89996 525.41991 -245.10265 -25.27856 0.02699 0.01426 -0.21966 0.97510
51.99996 526.72434 -245.73238 -25.33453 0.02652 0.01309 -0.21967 0.97513
52.09996 528.02807 -246.35868 -25.40492 0.02827 0.01205 -0.21977 0.97507
52.19996 529.32572 -246.98636 -25.48023 0.03096 0.01140 -0.21958 0.97504
52.29996 530.62589 -247.62651 -25.54494 0.03182 0.01141 -0.21949 0.97503
52.39996 531.92636 -248.26770 -25.61347 0.03196 0.01252 -0.21938 0.97504
52.49996 533.23768 -248.89775 -25.68105 0.03290 0.01439 -0.21935 0.97498
52.59996 534.54929 -249.53090 -25.75003 0.03242 0.01684 -0.21941 0.97495
52.69996 535.86735 -250.16479 -25.80731 0.03311 0.01825 -0.21931 0.97492
52.79996 537.17686 -250.80172 -25.88048 0.03396 0.01729 -0.21927 0.97492
52.89996 538.48394 -251.42748 -25.96331 0.03596 0.01523 -0.21946 0.97484
52.99996 539.79754 -252.05424 -26.03951 0.03646 0.01369 -0.21944 0.97485
53.09996 541.11274 -252.69902 -26.11435 0.03607 0.01431 -0.21902 0.97495
53.19997 542.43049 -253.33304 -26.18961 0.03593 0.01627 -0.21852 0.97503
53.29997 543.74994 -253.96836 -26.26444 0.03704 0.01794 -0.21812 0.97505
53.39997 545.07165 -254.60045 -26.34627 0.03483 0.02044 -0.21756 0.97521
53.49996 546.38957 -255.23774 -26.43902 0.03016 0.02259 -0.21723 0.97539
53.59996 547.70720 -255.85866 -26.52785 0.02947 0.02260 -0.21712 0.97544
53.69996 549.03851 -256.48722 -26.62560 0.03049 0.02175 -0.21699 0.97545
53.79996 550.36298 -257.10776 -26.72111 0.02927 0.02078 -0.21680 0.97556
53.89995 551.68366 -257.73889 -26.80712 0.02766 0.01946 -0.21682 0.97563
53.99996 552.99829 -258.37143 -26.89899 0.02787 0.01718 -0.21646 0.97574
54.09996 554.32983 -258.99990 -26.98121 0.02352 0.01802 -0.21633 0.97587
54.19996 555.65039 -259.63124 -27.05149 0.02556 0.01930 -0.21624 0.97582
54.29996 556.97764 -260.26273 -27.12561 0.02817 0.01987 -0.21639 0.97570
54.39996 558.29867 -260.89326 -27.19989 0.02860 0.01947 -0.21640 0.97569
54.49996 559.61000 -261.54134 -27.27761 0.03137 0.01781 -0.21622 0.97568
54.59996 560.92760 -262.17018 -27.35436 0.03133 0.01686 -0.21644 0.97565
54.69996 562.23864 -262.79931 -27.42767 0.02894 0.01674 -0.21669 0.97567
54.79996 563.56570 -263.43511 -27.49415 0.03395 0.01466 -0.21662 0.97556
54.89996 564.88590 -264.06155 -27.57151 0.03668 0.01235 -0.21682 0.97544
54.99996 566.20287 -264.68077 -27.62871 0.03720 0.01099 -0.21725 0.97535
55.09996 567.52868 -265.29998 -27.69194 0.03313 0.01179 -0.21772 0.97538
55.19996 568.85303 -265.92668 -27.75430 0.03182 0.01341 -0.21798 0.97534
55.29996 570.16197 -266.56861 -27.80636 0.03195 0.01525 -0.21796 0.97532
55.39996 571.47068 -267.19626 -27.86785 0.03104 0.01589 -0.21803 0.97532
55.49996 572.77588 -267.81871 -27.93669 0.03082 0.01555 -0.21836 0.97526
55.59996 574.08998 -268.44148 -27.98970 0.03612 0.01449 -0.21889 0.97497
55.69997 575.39694 -269.06922 -28.04935 0.03697 0.01350 -0.21920 0.97489
55.79997 576.69629 -269.70354 -28.12796 0.03761 0.01216 -0.21933 0.97485
55.89996 577.99426 -270.33564 -28.20037 0.03450 0.01212 -0.21943 0.97494
55.99996 579.30547 -270.95711 -28.27735 0.03163 0.01367 -0.21955 0.97499
56.09996 580.60381 -271.59223 -28.35095 0.02725 0.01632 -0.21946 0.97510
56.19996 581.91170 -272.22203 -28.41880 0.02871 0.01606 -0.21934 0.97509
56.29996 583.21447 -272.85006 -28.48795 0.02965 0.01532 -0.21932 0.97508
56.39996 584.50986 -273.48167 -28.55591 0.02994 0.01472 -0.21913 0.97513
56.49996 585.80255 -274.10470 -28.63572 0.03215 0.01379 -0.21904 0.97509
56.59995 587.09100 -274.72408 -28.70592 0.03097 0.01443 -0.21905 0.97512
56.69995 588.38321 -275.35158 -28.77679 0.02741 0.01660 -0.21884 0.97523
56.79996 589.68636 -275.97451 -28.83751 0.02723 0.01713 -0.21854 0.97530
56.89995 590.98983 -276.60844 -28.90346 0.02731 0.01665 -0.21840 0.97533
56.99995 592.27873 -277.22640 -28.97212 0.02891 0.01573 -0.21814 0.97536
57.09996 593.57493 -277.84097 -29.04392 0.03174 0.01601 -0.21825 0.97525
57.19996 594.87443 -278.45957 -29.12387 0.03128 0.01811 -0.21836 0.97520
57.29996 596.16908 -279.08694 -29.19370 0.02829 0.01950 -0.21827 0.97528
57.39996 597.46273 -279.70742 -29.26690 0.02740 0.01884 -0.21831 0.97531
57.49996 598.75171 -280.33176 -29.34700 0.02981 0.01713 -0.21827 0.97528
57.59996 600.04283 -280.96158 -29.42658 0.03086 0.01670 -0.21833 0.97524
57.69996 601.32577 -281.58384 -29.50457 0.02826 0.01766 -0.21821 0.97533
57.79996 602.61281 -282.19876 -29.58336 0.03072 0.01695 -0.21819 0.97528
57.89996 603.89454 -282.81645 -29.65499 0.02925 0.01761 -0.21822 0.97530
57.99996 605.17543 -283.44016 -29.73393 0.02949 0.01764 -0.21843 0.97525
58.09996 606.45098 -284.05486 -29.80937 0.03121 0.01652 -0.21859 0.97518
58.19996 607.72409 -284.67505 -29.88238 0.03129 0.01505 -0.21860 0.97520
58.29996 608.98868 -285.28449 -29.96022 0.03239 0.01223 -0.21866 0.97519
58.39996 610.26667 -285.89566 -30.02649 0.02922 0.01182 -0.21862 0.97530
58.49996 611.52969 -286.51102 -30.08935 0.03050 0.01119 -0.21869 0.97525
58.59996 612.79653 -287.13233 -30.14540 0.02792 0.01320 -0.21848 0.97535
58.69997 614.07303 -287.74920 -30.19786 0.02828 0.01536 -0.21840 0.97533
58.79997 615.35132 -288.35113 -30.25230 0.02936 0.01720 -0.21845 0.97525
58.89996 616.61316 -288.95742 -30.31166 0.02756 0.01938 -0.21821 0.97532
58.99996 617.87873 -289.56150 -30.37755 0.02688 0.01981 -0.21827 0.97532
59.09997 619.12785 -290.17172 -30.44356 0.02825 0.01756 -0.21809 0.97536
59.19997 620.37204 -290.76978 -30.52855 0.02615 0.01513 -0.21778 0.97553
59.29996 621.61721 -291.37713 -30.59142 0.03224 0.01264 -0.21806 0.97532
59.39996 622.85570 -291.96706 -30.64848 0.03576 0.01302 -0.21846 0.97510
59.49996 624.09096 -292.55983 -30.69728 0.03205 0.01485 -0.21798 0.97531
59.59996 625.32028 -293.14068 -30.75483 0.03308 0.01411 -0.21817 0.97525
59.69996 626.54813 -293.72315 -30.78391 0.03334 0.01434 -0.21818 0.97523
59.79996 627.76262 -294.30282 -30.83867 0.03403 0.01524 -0.21819 0.97519
59.89996 628.97201 -294.88434 -30.90681 0.03354 0.01502 -0.21811 0.97523
59.99996 630.17928 -295.46277 -30.97582 0.02954 0.01517 -0.21789 0.97541
60.09995 631.38980 -296.03634 -31.03741 0.03309 0.01506 -0.21798 0.97528
60.19996 632.58421 -296.61609 -31.11066 0.03040 0.01705 -0.21756 0.97542
60.29996 633.76477 -297.20193 -31.18297 0.03063 0.01752 -0.21714 0.97550
60.39996 634.94719 -297.78210 -31.25453 0.02957 0.01900 -0.21681 0.97558
60.49996 636.12571 -298.35131 -31.32705 0.03172 0.02113 -0.21689 0.97545
60.59996 637.30181 -298.91319 -31.39666 0.03383 0.02238 -0.21706 0.97532
60.69996 638.48021 -299.46491 -31.47671 0.03204 0.02301 -0.21698 0.97538
60.79996 639.64081 -300.01329 -31.55272 0.03181 0.02174 -0.21685 0.97544
60.89995 640.79809 -300.56944 -31.62587 0.03210 0.02052 -0.21703 0.97542
60.99996 641.94655 -301.11525 -31.69644 0.03105 0.02188 -0.21707 0.97542
61.09996 643.08635 -301.66334 -31.77200 0.03062 0.02633 -0.21627 0.97550
61.19996 644.25314 -302.19885 -31.85517 0.03066 0.03357 -0.21626 0.97528
61.29996 645.40213 -302.73510 -31.95744 0.03727 0.03794 -0.21627 0.97488
61.39995 646.52759 -303.29874 -32.05968 0.04304 0.03935 -0.21636 0.97457
61.49995 647.65487 -303.86097 -32.16578 0.04434 0.04043 -0.21635 0.97447
61.59995 648.78912 -304.40748 -32.27704 0.04030 0.04408 -0.21564 0.97464
61.69996 649.92723 -304.95777 -32.40424 0.03998 0.05056 -0.21496 0.97449
61.79996 651.07209 -305.48206 -32.53320 0.03752 0.05779 -0.21463 0.97426
61.89996 652.21868 -306.03334 -32.70288 0.03658 0.06238 -0.21475 0.97399
61.99996 653.35897 -306.55815 -32.89191 0.04098 0.06201 -0.21580 0.97360
62.09996 654.48384 -307.09167 -33.06291 0.04103 0.06157 -0.21595 0.97360
62.19996 655.60136 -307.63685 -33.24518 0.04200 0.05902 -0.21615 0.97367
62.29996 656.72712 -308.18023 -33.42633 0.04308 0.05721 -0.21619 0.97372
62.39996 657.85631 -308.72509 -33.60311 0.04132 0.05893 -0.21695 0.97353
62.49996 659.00747 -309.25402 -33.78442 0.04088 0.06198 -0.21702 0.97334
62.59996 660.15131 -309.78312 -33.95958 0.03939 0.06334 -0.21773 0.97315
62.69996 661.29149 -310.32447 -34.12500 0.04023 0.06201 -0.21821 0.97310
62.79996 662.41792 -310.88170 -34.30638 0.04104 0.05788 -0.21966 0.97299
62.89996 663.55348 -311.43324 -34.47692 0.03988 0.05530 -0.22048 0.97301
62.99995 664.68519 -311.98801 -34.63860 0.04147 0.05585 -0.22105 0.97278
63.09995 665.83250 -312.54378 -34.80020 0.04163 0.05763 -0.22183 0.97249
63.19996 666.97624 -313.08665 -34.97236 0.04088 0.05773 -0.22203 0.97247
63.29996 668.13389 -313.65644 -35.14651 0.03968 0.05822 -0.22300 0.97227
63.39996 669.28522 -314.20732 -35.31625 0.03968 0.05849 -0.22378 0.97207
63.49996 670.43335 -314.78095 -35.48824 0.04074 0.05949 -0.22431 0.97185
63.59996 671.58399 -315.34108 -35.65403 0.03961 0.06056 -0.22511 0.97164
63.69996 672.74342 -315.91364 -35.82812 0.04004 0.05936 -0.22635 0.97141
63.79996 673.89830 -316.48142 -36.01095 0.04046 0.05767 -0.22701 0.97134
63.89996 675.04565 -317.06810 -36.18760 0.04152 0.05730 -0.22853 0.97096
63.99996 676.19057 -317.65567 -36.35912 0.04062 0.05803 -0.23067 0.97045
64.09996 677.35174 -318.23967 -36.53619 0.04184 0.05701 -0.23175 0.97020
64.19996 678.50145 -318.81802 -36.70096 0.04098 0.05429 -0.23399 0.96986
64.29996 679.64265 -319.40940 -36.86069 0.03898 0.05223 -0.23453 0.96992
64.39996 680.78902 -320.02053 -37.02536 0.03974 0.05217 -0.23735 0.96921
64.49996 681.93783 -320.64712 -37.18249 0.04200 0.05396 -0.23781 0.96890
64.59995 683.07942 -321.28177 -37.32933 0.04554 0.05665 -0.23960 0.96815
64.69995 684.22798 -321.90182 -37.49832 0.04657 0.05872 -0.24032 0.96780
64.79995 685.36852 -322.52348 -37.67259 0.04778 0.05832 -0.24224 0.96728
64.89995 686.50653 -323.14842 -37.85439 0.04796 0.05683 -0.24423 0.96686
64.99995 687.64195 -323.76657 -38.03432 0.04638 0.05556 -0.24612 0.96653
65.09995 688.77490 -324.40183 -38.20787 0.04925 0.05322 -0.24646 0.96644
65.19995 689.90224 -325.03581 -38.36800 0.05402 0.05008 -0.24839 0.96586
65.29996 691.02962 -325.67828 -38.53168 0.05631 0.04920 -0.24893 0.96563
65.39996 692.14564 -326.34389 -38.69986 0.05751 0.04978 -0.25034 0.96516
65.49996 693.26932 -326.99610 -38.86562 0.05615 0.04955 -0.24919 0.96555
65.59996 694.39892 -327.63782 -39.01892 0.05331 0.04936 -0.25037 0.96542
65.69996 695.54468 -328.26997 -39.17908 0.05016 0.05190 -0.25177 0.96509
65.79996 696.67483 -328.90896 -39.33925 0.05068 0.05586 -0.25025 0.96524
65.89995 697.80538 -329.54191 -39.49832 0.04956 0.05602 -0.25042 0.96524
65.99995 698.92737 -330.16551 -39.66508 0.04998 0.05060 -0.25033 0.96555
66.09995 700.05932 -330.77166 -39.83775 0.04541 0.04721 -0.24878 0.96634
66.19995 701.18735 -331.39313 -39.99694 0.04435 0.04859 -0.24770 0.96660
66.29995 702.31404 -332.00851 -40.15131 0.04560 0.05263 -0.24547 0.96690
66.39995 703.44142 -332.62051 -40.30618 0.04498 0.05543 -0.24377 0.96720
66.49995 704.55986 -333.22911 -40.45735 0.04621 0.05574 -0.24057 0.96793
66.59995 705.67395 -333.82232 -40.61729 0.04565 0.05513 -0.23747 0.96875
66.69994 706.78872 -334.38863 -40.77760 0.04671 0.05465 -0.23317 0.96978
66.79994 707.90331 -334.95262 -40.93932 0.04618 0.05500 -0.22886 0.97081
66.89994 709.01711 -335.49782 -41.10295 0.04473 0.05507 -0.22493 0.97179
66.99995 710.13284 -336.02695 -41.26481 0.04325 0.05493 -0.22059 0.97286
67.09995 711.24356 -336.55783 -41.42294 0.04386 0.05534 -0.21559 0.97393
67.19995 712.36494 -337.08432 -41.58241 0.04296 0.05566 -0.21109 0.97494
67.29995 713.48942 -337.58743 -41.73501 0.04318 0.05523 -0.20531 0.97618
67.39995 714.60658 -338.09139 -41.88484 0.04361 0.05477 -0.19999 0.97729
67.49995 715.73825 -338.55923 -42.03091 0.04293 0.05511 -0.19487 0.97834
67.59995 716.85651 -339.02500 -42.18541 0.04324 0.05538 -0.18843 0.97957
67.69995 717.98365 -339.47194 -42.32954 0.04277 0.05496 -0.18286 0.98067
67.79995 719.11007 -339.88778 -42.49309 0.04169 0.05465 -0.17630 0.98193
67.89995 720.23510 -340.28952 -42.64336 0.04076 0.05473 -0.16913 0.98323
67.99995 721.36214 -340.66735 -42.78187 0.03992 0.05416 -0.16317 0.98430
68.09996 722.48968 -341.03032 -42.91460 0.03940 0.05345 -0.15593 0.98553
68.19995 723.61750 -341.39095 -43.04552 0.03969 0.05297 -0.14923 0.98658
68.29996 724.74589 -341.73524 -43.18064 0.03902 0.05307 -0.14245 0.98761
68.39996 725.87590 -342.05937 -43.31511 0.03775 0.05352 -0.13537 0.98863
68.49996 727.00422 -342.36695 -43.45685 0.03600 0.05327 -0.12859 0.98961
68.59996 728.14560 -342.63350 -43.59353 0.03620 0.05347 -0.12196 0.99043
68.69996 729.28488 -342.88331 -43.72971 0.03623 0.05332 -0.11517 0.99125
68.79995 730.41948 -343.11926 -43.86640 0.03513 0.05298 -0.10808 0.99211
68.89995 731.55823 -343.35732 -43.99435 0.03459 0.05365 -0.10003 0.99293
68.99995 732.69326 -343.58261 -44.11121 0.03563 0.05372 -0.09189 0.99368
69.09995 733.82120 -343.78994 -44.23269 0.03553 0.05345 -0.08443 0.99436
69.19996 734.94791 -343.97198 -44.36782 0.03444 0.05300 -0.07569 0.99513
69.29996 736.06196 -344.13082 -44.49382 0.03492 0.05331 -0.06850 0.99561
69.39996 737.17313 -344.26514 -44.60244 0.03477 0.05378 -0.06039 0.99612
69.49996 738.27105 -344.39071 -44.71063 0.03518 0.05344 -0.05287 0.99655
69.59996 739.37539 -344.50192 -44.84272 0.03544 0.05298 -0.04556 0.99693
69.69996 740.46320 -344.60663 -44.96331 0.03584 0.05187 -0.03771 0.99730
69.79996 741.54195 -344.66886 -45.07476 0.03565 0.05137 -0.03017 0.99759
69.89996 742.61299 -344.72152 -45.17854 0.03596 0.05066 -0.02288 0.99781
69.99996 743.67727 -344.75435 -45.26853 0.03513 0.05072 -0.01718 0.99795
70.09996 744.73268 -344.77025 -45.37785 0.03548 0.05056 -0.01069 0.99803
70.19996 745.78393 -344.79639 -45.48348 0.03454 0.04972 -0.00487 0.99815
70.29997 746.83310 -344.79470 -45.57727 0.03420 0.04844 0.00075 0.99824
70.39996 747.87836 -344.78602 -45.67303 0.03353 0.04722 0.00573 0.99831
70.49996 748.91328 -344.76167 -45.76521 0.03406 0.04758 0.01060 0.99823
70.59996 749.94528 -344.73136 -45.86510 0.03362 0.04740 0.01479 0.99820
70.69997 750.95637 -344.68830 -45.96842 0.03293 0.04624 0.01916 0.99820
70.79997 751.95917 -344.62960 -46.04461 0.03218 0.04508 0.02250 0.99821
70.89996 752.95729 -344.56893 -46.12723 0.03158 0.04472 0.02682 0.99814
70.99996 753.93515 -344.51203 -46.21662 0.03059 0.04471 0.03067 0.99806
71.09996 754.90392 -344.43833 -46.29086 0.02966 0.04488 0.03487 0.99794
71.19996 755.85457 -344.35369 -46.36524 0.02950 0.04536 0.03799 0.99781
71.29995 756.78635 -344.27441 -46.43647 0.02978 0.04589 0.04294 0.99758
71.39995 757.70209 -344.19364 -46.51458 0.02878 0.04641 0.04690 0.99741
71.49995 758.59189 -344.10145 -46.58543 0.02893 0.04683 0.05062 0.99720
71.59995 759.46115 -343.99784 -46.66294 0.02934 0.04690 0.05408 0.99700
71.69996 760.32079 -343.90808 -46.73079 0.03034 0.04771 0.05737 0.99675
71.79996 761.14551 -343.81261 -46.80086 0.02998 0.04794 0.05985 0.99660
71.89996 761.94486 -343.71403 -46.86450 0.03068 0.04765 0.06182 0.99648
71.99995 762.71996 -343.60992 -46.93213 0.03113 0.04628 0.06335 0.99643
72.09995 763.47636 -343.50792 -46.99291 0.03380 0.04599 0.06498 0.99625
72.19995 764.22183 -343.41149 -47.06037 0.04038 0.04808 0.06603 0.99584
72.29995 764.95245 -343.31527 -47.11308 0.03941 0.04793 0.06923 0.99567
72.39995 765.66446 -343.22024 -47.17295 0.03691 0.04650 0.07139 0.99568
72.49995 766.36110 -343.12012 -47.22421 0.03837 0.04512 0.07411 0.99549
72.59995 767.03839 -343.01625 -47.27115 0.04303 0.04358 0.07832 0.99505
72.69995 767.69293 -342.89981 -47.33384 0.04248 0.04328 0.08147 0.99483
72.79995 768.34032 -342.77964 -47.38062 0.03976 0.04248 0.08559 0.99463
72.89995 768.97015 -342.65983 -47.43090 0.03744 0.04229 0.09130 0.99422
72.99994 769.57916 -342.53166 -47.46283 0.03739 0.04145 0.09546 0.99387
73.09994 770.16994 -342.40473 -47.51010 0.04023 0.04275 0.10154 0.99310
73.19994 770.73887 -342.27975 -47.55111 0.04231 0.04340 0.10743 0.99236
73.29994 771.28166 -342.14526 -47.58313 0.04200 0.04327 0.11427 0.99162
73.39994 771.80088 -341.99542 -47.61135 0.03971 0.04303 0.12182 0.99082
73.49994 772.29156 -341.84011 -47.63996 0.03877 0.04326 0.12941 0.98989
73.59994 772.75462 -341.68992 -47.67082 0.04055 0.04368 0.13803 0.98863
73.69994 773.18832 -341.54548 -47.70639 0.04299 0.04450 0.14686 0.98722
73.79994 773.59298 -341.39455 -47.73271 0.04305 0.04453 0.15535 0.98592
73.89995 773.96983 -341.24448 -47.75044 0.03991 0.04351 0.16363 0.98475
73.99995 774.31775 -341.09427 -47.77396 0.03766 0.04178 0.17095 0.98367
74.09995 774.63672 -340.93662 -47.78945 0.03659 0.04097 0.17789 0.98252
74.19996 774.94060 -340.80959 -47.79974 0.03831 0.04062 0.18448 0.98125
74.29996 775.22715 -340.68040 -47.81437 0.03831 0.03902 0.19200 0.97987
74.39996 775.48148 -340.55801 -47.83629 0.03902 0.03872 0.19742 0.97878
74.49995 775.71778 -340.43376 -47.84965 0.03748 0.03719 0.20332 0.97769
74.59995 775.93380 -340.31062 -47.86291 0.03588 0.03604 0.20854 0.97669
74.69996 776.13327 -340.20813 -47.87207 0.03516 0.03600 0.21343 0.97566
74.79996 776.32102 -340.10081 -47.88182 0.03449 0.03589 0.21799 0.97468
74.89996 776.48287 -340.00179 -47.89224 0.03407 0.03556 0.22157 0.97390
74.99995 776.63283 -339.91156 -47.88981 0.03413 0.03545 0.22550 0.97300
75.09996 776.76885 -339.83622 -47.90227 0.03433 0.03577 0.22925 0.97210
75.19996 776.88247 -339.77197 -47.90989 0.03308 0.03495 0.23256 0.97139
75.29996 776.98165 -339.71653 -47.91631 0.03303 0.03495 0.23513 0.97077
75.39996 777.06063 -339.66891 -47.92762 0.03346 0.03457 0.23764 0.97016
75.49996 777.12680 -339.62201 -47.92796 0.03446 0.03459 0.23949 0.96967
75.59996 777.18413 -339.59376 -47.92663 0.03433 0.03415 0.24110 0.96929
75.69996 777.22791 -339.55824 -47.92217 0.03406 0.03353 0.24293 0.96887
75.79996 777.26750 -339.53114 -47.93075 0.03398 0.03315 0.24411 0.96858
75.89996 777.30328 -339.50665 -47.93475 0.03414 0.03296 0.24485 0.96840
75.99995 777.33202 -339.48874 -47.93079 0.03415 0.03298 0.24612 0.96808
76.09995 777.35969 -339.47399 -47.93379 0.03436 0.03318 0.24654 0.96795
76.19995 777.38109 -339.46178 -47.94114 0.03508 0.03327 0.24684 0.96785
76.29995 777.39500 -339.45185 -47.93383 0.03483 0.03255 0.24754 0.96770
76.39995 777.39944 -339.43667 -47.94177 0.03531 0.03242 0.24853 0.96744
76.49995 777.41069 -339.42562 -47.93987 0.03497 0.03134 0.24869 0.96744
76.59996 777.42810 -339.41803 -47.94388 0.03525 0.03106 0.24953 0.96723
76.69996 777.44867 -339.40803 -47.93985 0.03593 0.03130 0.25002 0.96707
76.79996 777.47653 -339.38822 -47.93846 0.03549 0.03108 0.25172 0.96665
76.89995 777.50574 -339.36752 -47.94230 0.03540 0.03064 0.25203 0.96659
76.99995 777.54291 -339.34934 -47.94901 0.03563 0.03072 0.25344 0.96621
77.09995 777.58016 -339.32875 -47.96199 0.03543 0.03061 0.25421 0.96601
77.19995 777.61629 -339.29718 -47.96505 0.03485 0.03023 0.25546 0.96572
77.29995 777.65426 -339.27870 -47.95095 0.03553 0.03081 0.25684 0.96531
77.39995 777.68793 -339.25884 -47.95274 0.03580 0.03124 0.25766 0.96507
77.49995 777.70932 -339.23395 -47.95186 0.03553 0.03098 0.25849 0.96486
77.59995 777.73086 -339.21849 -47.95557 0.03507 0.03068 0.25890 0.96478
77.69995 777.74733 -339.21197 -47.96275 0.03493 0.03046 0.25926 0.96469
77.79995 777.75423 -339.20357 -47.96525 0.03568 0.03081 0.25939 0.96462
77.89996 777.75794 -339.19789 -47.96348 0.03541 0.03037 0.26035 0.96439
77.99995 777.75915 -339.19087 -47.96429 0.03536 0.03035 0.26037 0.96438
78.09995 777.76933 -339.18777 -47.96206 0.03529 0.03008 0.26114 0.96419
78.19995 777.77904 -339.17465 -47.96158 0.03536 0.03014 0.26144 0.96410
78.29995 777.79002 -339.16052 -47.96053 0.03531 0.03009 0.26167 0.96404
78.39994 777.79973 -339.14099 -47.96301 0.03547 0.03009 0.26222 0.96389
78.49994 777.82492 -339.13361 -47.96932 0.03550 0.02981 0.26309 0.96366
78.59994 777.84612 -339.11906 -47.96971 0.03491 0.03010 0.26390 0.96345
78.69995 777.87254 -339.10818 -47.96604 0.03494 0.03013 0.26429 0.96334
78.79995 777.89048 -339.10474 -47.95953 0.03493 0.03056 0.26528 0.96305
78.89995 777.90127 -339.09448 -47.96128 0.03480 0.03057 0.26522 0.96308
78.99995 777.90849 -339.09141 -47.96170 0.03529 0.03054 0.26539 0.96301
79.09995 777.90597 -339.09515 -47.96602 0.03507 0.03025 0.26531 0.96305
79.19995 777.90434 -339.10306 -47.97222 0.03552 0.02989 0.26528 0.96305
79.29995 777.90157 -339.10598 -47.98250 0.03539 0.02975 0.26536 0.96304
79.39995 777.90078 -339.10723 -47.97526 0.03480 0.03019 0.26538 0.96304
79.49995 777.89728 -339.10844 -47.96639 0.03528 0.03020 0.26538 0.96303
79.59995 777.90004 -339.10665 -47.96923 0.03519 0.02985 0.26543 0.96302
79.69995 777.90090 -339.10671 -47.95310 0.03540 0.03044 0.26485 0.96316
79.79995 777.89350 -339.10227 -47.95939 0.03539 0.03045 0.26514 0.96308
79.89995 777.89100 -339.09467 -47.96300 0.03504 0.03000 0.26539 0.96304
79.99995 777.88987 -339.09724 -47.97143 0.03531 0.03002 0.26497 0.96314
80.09994 777.88706 -339.09853 -47.97208 0.03517 0.03004 0.26514 0.96310
80.19994 777.88628 -339.10193 -47.96621 0.03522 0.03004 0.26555 0.96299
80.29995 777.88225 -339.09901 -47.96682 0.03570 0.03044 0.26499 0.96311
80.39994 777.87857 -339.09561 -47.95896 0.03530 0.03029 0.26518 0.96308
80.49994 777.87331 -339.08948 -47.96448 0.03525 0.03007 0.26524 0.96307
80.59995 777.87171 -339.09641 -47.96148 0.03530 0.03022 0.26467 0.96322
80.69995 777.87422 -339.09662 -47.96135 0.03559 0.03022 0.26510 0.96309
80.79995 777.87574 -339.09686 -47.97338 0.03512 0.02972 0.26513 0.96311
80.89995 777.87521 -339.10038 -47.97559 0.03486 0.02967 0.26531 0.96308
80.99994 777.87819 -339.10315 -47.96833 0.03554 0.03013 0.26533 0.96303
81.09995 777.87670 -339.10424 -47.96275 0.03537 0.03017 0.26495 0.96314
81.19995 777.88220 -339.10216 -47.96028 0.03547 0.03016 0.26538 0.96302
81.29995 777.88658 -339.10130 -47.96773 0.03535 0.03009 0.26511 0.96310
81.39995 777.88018 -339.09793 -47.96666 0.03541 0.03018 0.26498 0.96313
81.49995 777.87740 -339.09804 -47.96277 0.03531 0.03023 0.26520 0.96307
81.59995 777.87372 -339.09878 -47.96472 0.03552 0.03025 0.26504 0.96311
81.69995 777.87179 -339.09646 -47.96390 0.03548 0.03031 0.26512 0.96309
81.79995 777.86961 -339.08977 -47.96507 0.03547 0.03013 0.26518 0.96307
81.89994 777.86639 -339.08925 -47.96572 0.03526 0.03009 0.26494 0.96315
81.99994 777.86502 -339.08716 -47.96708 0.03551 0.03016 0.26518 0.96307
82.09994 777.86487 -339.09112 -47.96763 0.03520 0.03000 0.26487 0.96317
82.19994 777.86481 -339.09713 -47.96731 0.03541 0.03012 0.26491 0.96315
82.29995 777.86725 -339.10124 -47.96627 0.03517 0.03001 0.26520 0.96308
82.39995 777.86672 -339.10269 -47.97028 0.03552 0.03020 0.26511 0.96309
82.49995 777.86556 -339.10481 -47.96573 0.03523 0.02997 0.26528 0.96306
82.59995 777.86517 -339.10871 -47.96800 0.03553 0.03019 0.26496 0.96313
82.69995 777.86664 -339.10824 -47.96796 0.03541 0.03008 0.26539 0.96302
82.79995 777.86876 -339.10392 -47.96600 0.03521 0.02982 0.26540 0.96303
82.89994 777.86865 -339.09963 -47.96641 0.03546 0.02990 0.26583 0.96290
82.99994 777.87098 -339.08778 -47.96616 0.03568 0.03003 0.26585 0.96288
83.09994 777.87764 -339.07782 -47.96516 0.03598 0.02993 0.26636 0.96274
83.19995 777.89042 -339.07247 -47.96947 0.03574 0.02992 0.26707 0.96255
83.29995 777.89936 -339.06402 -47.97349 0.03553 0.02962 0.26814 0.96227
83.39994 777.90833 -339.05161 -47.97078 0.03573 0.02956 0.26900 0.96202
83.49994 777.91765 -339.04515 -47.97177 0.03604 0.02967 0.26993 0.96175
