0.10001 0.67770 0.10925 -0.04167 -0.00168 -0.00101 0.02980 0.99955
0.20002 1.26265 0.24418 -0.07796 -0.00563 -0.00151 0.03649 0.99932
0.30002 1.84991 0.36443 -0.05397 -0.00788 -0.00217 0.04476 0.99896
0.40002 2.46559 0.47767 -0.04201 -0.00504 -0.00292 0.05095 0.99868
0.50001 3.10199 0.57027 -0.06544 -0.00613 -0.00389 0.05410 0.99851
0.60000 3.76733 0.65160 -0.07724 -0.00793 -0.00449 0.05337 0.99853
0.69999 4.46976 0.72729 -0.06887 -0.00992 -0.00475 0.04866 0.99875
0.79998 5.18526 0.79722 -0.05022 -0.00741 -0.00470 0.04867 0.99878
0.89996 5.92717 0.87220 -0.06228 -0.00740 -0.00536 0.04782 0.99881
0.99996 6.69588 0.94991 -0.07431 -0.00826 -0.00546 0.04836 0.99878
1.09995 7.47466 1.02556 -0.09093 -0.00835 -0.00598 0.04360 0.99900
1.19994 8.28632 1.10197 -0.10590 -0.01031 -0.00664 0.04226 0.99903
1.29994 9.11856 1.18761 -0.10489 -0.01191 -0.00731 0.04151 0.99904
1.39994 9.98399 1.24505 -0.11317 -0.01220 -0.00851 0.03804 0.99917
1.49995 10.87089 1.31771 -0.12027 -0.01291 -0.00919 0.03269 0.99934
1.59995 11.78158 1.36122 -0.10885 -0.01411 -0.00946 0.02740 0.99948
1.69994 12.71754 1.38941 -0.10345 -0.01439 -0.01038 0.02101 0.99962
1.79994 13.68823 1.40026 -0.09678 -0.01379 -0.01048 0.01515 0.99974
1.89993 14.67832 1.43277 -0.10927 -0.01431 -0.00985 0.00699 0.99982
1.99993 15.69997 1.43141 -0.09240 -0.01483 -0.00836 -0.00071 0.99985
2.09993 16.71860 1.41780 -0.09341 -0.01672 -0.00796 -0.00756 0.99980
2.19993 17.77116 1.38592 -0.07677 -0.01589 -0.00827 -0.01824 0.99967
2.29993 18.82433 1.31867 -0.05019 -0.01640 -0.00823 -0.02692 0.99947
2.39993 19.89950 1.23007 -0.04755 -0.01777 -0.00730 -0.03596 0.99917
2.49992 20.97878 1.13582 -0.04516 -0.01906 -0.00637 -0.04534 0.99877
2.59992 22.06046 1.03201 -0.04683 -0.02043 -0.00561 -0.05545 0.99824
2.69992 23.14217 0.89311 -0.03822 -0.02135 -0.00572 -0.06702 0.99751
2.79992 24.22771 0.71688 -0.02778 -0.02070 -0.00702 -0.07698 0.99679
2.89993 25.30749 0.51956 -0.01381 -0.02110 -0.00891 -0.08850 0.99581
2.99993 26.38543 0.31434 -0.00013 -0.02204 -0.00954 -0.10006 0.99469
3.09992 27.46638 0.08047 0.02577 -0.02247 -0.00985 -0.11115 0.99350
3.19992 28.53277 -0.18697 0.04618 -0.02318 -0.00891 -0.12256 0.99215
3.29992 29.60327 -0.47867 0.06894 -0.02118 -0.00907 -0.13448 0.99065
3.39992 30.65283 -0.79818 0.09713 -0.02185 -0.00956 -0.14536 0.98909
3.49993 31.69893 -1.16292 0.12446 -0.02245 -0.01011 -0.15656 0.98736
3.59992 32.72343 -1.52946 0.16373 -0.02049 -0.01090 -0.16774 0.98556
3.69992 33.73657 -1.93376 0.20475 -0.02063 -0.01198 -0.17775 0.98379
3.79992 34.74430 -2.35321 0.21916 -0.02078 -0.01304 -0.18802 0.98186
3.89992 35.74033 -2.78173 0.24859 -0.02074 -0.01390 -0.19812 0.97986
3.99992 36.72950 -3.22873 0.25987 -0.02102 -0.01448 -0.20825 0.97774
4.09992 37.69957 -3.69198 0.31564 -0.02197 -0.01393 -0.21791 0.97562
4.19991 38.65696 -4.17103 0.35926 -0.02110 -0.01423 -0.22764 0.97341
4.29992 39.59044 -4.67633 0.40022 -0.02144 -0.01499 -0.23717 0.97112
4.39992 40.51453 -5.19460 0.44138 -0.02107 -0.01589 -0.24591 0.96893
4.49992 41.43555 -5.73879 0.47216 -0.01974 -0.01651 -0.25419 0.96681
4.59992 42.33360 -6.29156 0.52848 -0.01948 -0.01741 -0.26204 0.96470
4.69991 43.22376 -6.86323 0.57225 -0.01893 -0.01840 -0.26981 0.96255
4.79991 44.10569 -7.45166 0.62832 -0.01889 -0.01918 -0.27592 0.96080
4.89991 44.98215 -8.03313 0.67799 -0.01848 -0.02014 -0.28194 0.95904
4.99991 45.85701 -8.61867 0.70880 -0.01881 -0.02076 -0.28736 0.95741
5.09991 46.72684 -9.23516 0.75407 -0.01945 -0.02111 -0.29212 0.95595
5.19991 47.59311 -9.85307 0.80732 -0.01986 -0.02073 -0.29751 0.95429
5.29991 48.46044 -10.47122 0.85492 -0.01974 -0.02049 -0.30204 0.95287
5.39992 49.30744 -11.11319 0.92506 -0.01855 -0.02093 -0.30618 0.95156
5.49992 50.15511 -11.75315 0.97316 -0.01859 -0.02226 -0.31000 0.95029
5.59992 51.00482 -12.38512 1.00933 -0.01823 -0.02409 -0.31376 0.94902
5.69992 51.84965 -13.04221 1.07143 -0.01848 -0.02432 -0.31743 0.94779
5.79992 52.68346 -13.71412 1.13869 -0.01853 -0.02407 -0.32045 0.94678
5.89991 53.52331 -14.36863 1.18802 -0.01962 -0.02377 -0.32361 0.94569
5.99992 54.36904 -15.03678 1.24638 -0.01913 -0.02427 -0.32656 0.94467
6.09992 55.21004 -15.71468 1.30606 -0.01882 -0.02468 -0.32911 0.94378
6.19992 56.02902 -16.38647 1.36103 -0.01869 -0.02493 -0.33199 0.94277
6.29992 56.85843 -17.06022 1.42889 -0.01947 -0.02476 -0.33425 0.94196
6.39992 57.67991 -17.74237 1.48588 -0.01887 -0.02567 -0.33626 0.94123
6.49992 58.52399 -18.43326 1.53621 -0.01940 -0.02656 -0.33777 0.94065
6.59992 59.34768 -19.13439 1.59772 -0.01874 -0.02690 -0.33896 0.94023
6.69992 60.18398 -19.86277 1.65605 -0.01925 -0.02652 -0.33941 0.94007
6.79992 61.01798 -20.57456 1.71242 -0.02123 -0.02543 -0.33995 0.93986
6.89992 61.87674 -21.29037 1.78797 -0.02060 -0.02510 -0.34037 0.93973
6.99993 62.74557 -22.01720 1.84951 -0.02119 -0.02364 -0.34093 0.93955
7.09992 63.60738 -22.75758 1.90506 -0.02090 -0.02245 -0.34122 0.93948
7.19992 64.48620 -23.50087 1.95902 -0.02126 -0.02203 -0.34142 0.93941
7.29992 65.35577 -24.24744 2.00042 -0.01888 -0.02230 -0.34124 0.93952
7.39992 66.23624 -25.01412 2.05433 -0.01949 -0.02017 -0.34066 0.93977
7.49992 67.12003 -25.78317 2.10401 -0.02411 -0.01740 -0.34018 0.93989
7.59992 68.00800 -26.54495 2.14611 -0.02610 -0.01794 -0.33884 0.94031
7.69992 68.91387 -27.29139 2.19029 -0.02707 -0.02037 -0.33790 0.94057
7.79992 69.82784 -28.03919 2.23759 -0.03036 -0.02122 -0.33769 0.94053
7.89993 70.74867 -28.79659 2.29339 -0.02935 -0.02043 -0.33767 0.94058
7.99993 71.65938 -29.56821 2.35483 -0.02893 -0.01773 -0.33766 0.94066
8.09993 72.57856 -30.33011 2.41364 -0.02955 -0.01602 -0.33751 0.94072
8.19992 73.49288 -31.09884 2.47855 -0.03054 -0.01675 -0.33749 0.94068
8.29992 74.41315 -31.86287 2.53984 -0.03297 -0.01643 -0.33802 0.94042
8.39993 75.33394 -32.63073 2.60047 -0.03564 -0.01495 -0.33897 0.94000
8.49993 76.25106 -33.40580 2.65737 -0.04103 -0.01376 -0.33993 0.93945
8.59993 77.16563 -34.17865 2.71951 -0.04216 -0.01600 -0.34129 0.93888
8.69992 78.08506 -34.95361 2.77257 -0.03974 -0.01855 -0.34304 0.93829
8.79992 78.99685 -35.74368 2.83125 -0.03971 -0.01776 -0.34492 0.93762
8.89992 79.91137 -36.53677 2.90164 -0.03909 -0.01728 -0.34657 0.93705
8.99993 80.81298 -37.33276 2.96841 -0.03910 -0.01721 -0.34785 0.93658
9.09992 81.72254 -38.14133 3.03276 -0.03424 -0.01682 -0.34912 0.93630
9.19991 82.63435 -38.95431 3.09987 -0.03609 -0.01379 -0.35009 0.93592
9.29991 83.54229 -39.74961 3.16832 -0.03944 -0.01182 -0.35097 0.93548
9.39992 84.45798 -40.54929 3.22856 -0.04421 -0.01028 -0.35224 0.93481
9.49992 85.36513 -41.35853 3.27414 -0.04513 -0.01140 -0.35293 0.93449
9.59992 86.26854 -42.16960 3.32159 -0.04725 -0.01397 -0.35333 0.93420
9.69992 87.16935 -42.99285 3.38106 -0.04508 -0.01682 -0.35299 0.93439
9.79991 88.06615 -43.81253 3.44681 -0.04263 -0.01827 -0.35341 0.93432
9.89992 88.97263 -44.62817 3.52898 -0.03633 -0.01971 -0.35391 0.93436
9.99992 89.87938 -45.46058 3.60174 -0.03797 -0.01894 -0.35476 0.93399
10.09992 90.78308 -46.27847 3.69184 -0.03821 -0.01981 -0.35518 0.93380
10.19992 91.68081 -47.09272 3.77565 -0.03968 -0.02000 -0.35585 0.93349
10.29992 92.59970 -47.90953 3.84947 -0.03703 -0.02051 -0.35685 0.93320
10.39992 93.50378 -48.73234 3.91664 -0.03686 -0.01955 -0.35707 0.93314
10.49992 94.40817 -49.56145 3.97896 -0.04166 -0.01694 -0.35715 0.93297
10.59992 95.30627 -50.38657 4.03971 -0.04519 -0.01567 -0.35706 0.93286
10.69991 96.20953 -51.20605 4.11375 -0.04469 -0.01651 -0.35706 0.93287
10.79991 97.12662 -52.02245 4.18668 -0.04123 -0.01774 -0.35708 0.93300
10.89992 98.02418 -52.84259 4.26124 -0.03924 -0.01725 -0.35711 0.93308
10.99992 98.92236 -53.67167 4.32549 -0.04100 -0.01838 -0.35635 0.93327
11.09991 99.81624 -54.48135 4.40173 -0.04336 -0.02055 -0.35594 0.93328
11.19991 100.71476 -55.29416 4.48405 -0.04280 -0.02312 -0.35585 0.93327
11.29992 101.62252 -56.11081 4.56248 -0.04119 -0.02341 -0.35579 0.93336
11.39991 102.53225 -56.93736 4.66153 -0.03922 -0.02055 -0.35584 0.93350
11.49991 103.42925 -57.75856 4.73941 -0.04171 -0.01712 -0.35532 0.93366
11.59991 104.33666 -58.57442 4.82623 -0.04369 -0.01543 -0.35507 0.93369
11.69992 105.24020 -59.39276 4.91394 -0.04160 -0.01759 -0.35530 0.93366
11.79992 106.14399 -60.20331 4.97470 -0.04213 -0.01792 -0.35514 0.93369
11.89992 107.04789 -61.01743 5.03816 -0.03965 -0.01796 -0.35534 0.93372
11.99992 107.95327 -61.83187 5.10805 -0.03545 -0.01566 -0.35585 0.93374
12.09992 108.86135 -62.65026 5.16608 -0.03250 -0.01101 -0.35642 0.93369
12.19992 109.76055 -63.46842 5.21360 -0.03156 -0.00492 -0.35701 0.93356
12.29992 110.67047 -64.28288 5.24576 -0.03679 0.00279 -0.35722 0.93329
12.39992 111.57106 -65.09898 5.26057 -0.03455 0.00470 -0.35780 0.93315
12.49992 112.47128 -65.93918 5.27671 -0.03340 0.00594 -0.35794 0.93313
12.59992 113.37055 -66.77602 5.27955 -0.03448 0.00931 -0.35780 0.93312
12.69991 114.28209 -67.62144 5.29146 -0.03276 0.01319 -0.35819 0.93298
12.79992 115.19452 -68.47224 5.28348 -0.02807 0.01647 -0.35840 0.93300
12.89992 116.10983 -69.32387 5.27280 -0.02573 0.01863 -0.35870 0.93291
12.99992 117.02668 -70.18027 5.24095 -0.02325 0.01726 -0.35883 0.93295
13.09991 117.96354 -71.03628 5.20479 -0.02936 0.01726 -0.35907 0.93269
13.19991 118.88279 -71.89228 5.18111 -0.03208 0.01685 -0.35876 0.93272
13.29991 119.82480 -72.76654 5.17293 -0.02907 0.01653 -0.35918 0.93267
13.39991 120.77682 -73.63561 5.14818 -0.02964 0.02011 -0.35937 0.93251
13.49992 121.72163 -74.50665 5.11274 -0.02875 0.02262 -0.35935 0.93249
13.59991 122.66409 -75.39338 5.08995 -0.02207 0.02170 -0.35949 0.93264
13.69991 123.60956 -76.28485 5.06836 -0.02041 0.02077 -0.35940 0.93273
13.79991 124.57131 -77.16803 5.04711 -0.02240 0.02183 -0.35937 0.93267
13.89991 125.52760 -78.06215 5.01100 -0.02387 0.02306 -0.35926 0.93265
13.99991 126.49601 -78.95197 4.96740 -0.02787 0.02426 -0.35914 0.93255
14.09991 127.46721 -79.85149 4.92896 -0.02691 0.02331 -0.35897 0.93267
14.19991 128.44973 -80.75999 4.87871 -0.03024 0.02496 -0.35892 0.93255
14.29991 129.43802 -81.67128 4.83716 -0.02695 0.02396 -0.35878 0.93273
14.39991 130.43235 -82.58336 4.81271 -0.02532 0.02304 -0.35868 0.93283
14.49992 131.43028 -83.50917 4.78869 -0.02716 0.02405 -0.35837 0.93288
14.59991 132.42182 -84.44024 4.73974 -0.02535 0.02447 -0.35818 0.93299
14.69991 133.42711 -85.35313 4.70191 -0.02656 0.02542 -0.35801 0.93300
14.79991 134.43276 -86.27383 4.65407 -0.02560 0.02276 -0.35802 0.93309
14.89991 135.43160 -87.20590 4.61440 -0.02528 0.02029 -0.35754 0.93333
14.99992 136.43546 -88.13264 4.58877 -0.02587 0.02102 -0.35715 0.93345
15.09991 137.45144 -89.06349 4.55179 -0.02871 0.02432 -0.35716 0.93328
15.19991 138.47157 -89.99594 4.52246 -0.02596 0.02575 -0.35721 0.93331
15.29991 139.48071 -90.90798 4.48753 -0.02390 0.02669 -0.35788 0.93308
15.39992 140.49769 -91.81521 4.45408 -0.02844 0.02912 -0.35795 0.93285
15.49991 141.49594 -92.75412 4.41394 -0.02990 0.02804 -0.35803 0.93281
15.59991 142.51548 -93.67826 4.37496 -0.03071 0.02708 -0.35805 0.93280
15.69991 143.51417 -94.60128 4.34837 -0.03015 0.02471 -0.35805 0.93289
15.79992 144.52028 -95.53181 4.30109 -0.03317 0.02400 -0.35794 0.93285
15.89992 145.51757 -96.45704 4.26540 -0.03187 0.02283 -0.35815 0.93284
15.99992 146.51446 -97.39254 4.23495 -0.03116 0.02316 -0.35818 0.93284
16.09992 147.52052 -98.31336 4.19650 -0.02857 0.02310 -0.35860 0.93277
16.19991 148.52886 -99.23368 4.16618 -0.02714 0.02256 -0.35882 0.93274
16.29991 149.52697 -100.16229 4.13709 -0.02568 0.02137 -0.35889 0.93278
16.39991 150.53035 -101.08766 4.12774 -0.02539 0.02092 -0.35871 0.93287
16.49992 151.54172 -102.01560 4.09709 -0.02665 0.02170 -0.35883 0.93277
16.59991 152.55079 -102.93654 4.06044 -0.02556 0.02046 -0.35876 0.93286
16.69991 153.55647 -103.84894 4.03785 -0.02694 0.02033 -0.35907 0.93270
16.79990 154.55596 -104.78084 4.00656 -0.02623 0.02135 -0.35892 0.93276
16.89991 155.56503 -105.70676 3.97738 -0.02463 0.02279 -0.35896 0.93275
16.99991 156.56833 -106.63670 3.95005 -0.02351 0.02395 -0.35900 0.93273
17.09991 157.57547 -107.56240 3.90876 -0.02384 0.02347 -0.35905 0.93272
17.19991 158.58331 -108.49183 3.86944 -0.02435 0.02229 -0.35892 0.93279
17.29991 159.58897 -109.41716 3.82981 -0.02455 0.02270 -0.35905 0.93272
17.39991 160.60025 -110.34472 3.79912 -0.02386 0.02348 -0.35945 0.93257
17.49992 161.59586 -111.26919 3.76140 -0.02207 0.02342 -0.35956 0.93257
17.59991 162.59174 -112.19808 3.71589 -0.02347 0.02347 -0.35981 0.93243
17.69991 163.59216 -113.13259 3.67193 -0.02461 0.02295 -0.35978 0.93243
17.79991 164.59805 -114.06052 3.63639 -0.02455 0.02256 -0.36002 0.93235
17.89991 165.60566 -114.99340 3.60629 -0.02592 0.02307 -0.35998 0.93231
17.99991 166.61344 -115.92948 3.57822 -0.02440 0.02344 -0.36019 0.93227
18.09991 167.62326 -116.85962 3.53757 -0.02500 0.02495 -0.36052 0.93208
18.19990 168.63381 -117.79775 3.49723 -0.02541 0.02450 -0.36055 0.93207
18.29991 169.64609 -118.73276 3.45088 -0.02844 0.02405 -0.36077 0.93191
18.39991 170.65443 -119.67567 3.41882 -0.02973 0.02377 -0.36087 0.93184
18.49991 171.66535 -120.62822 3.38251 -0.02817 0.02319 -0.36071 0.93196
18.59991 172.67758 -121.57354 3.34884 -0.02562 0.02306 -0.36064 0.93207
18.69991 173.68852 -122.52407 3.32914 -0.02396 0.02284 -0.36080 0.93205
18.79991 174.70683 -123.47579 3.28480 -0.02451 0.02376 -0.36064 0.93208
18.89991 175.73962 -124.42852 3.25146 -0.02385 0.02479 -0.36063 0.93208
18.99991 176.77107 -125.39119 3.20683 -0.02273 0.02473 -0.36036 0.93221
19.09991 177.79020 -126.34192 3.16669 -0.02390 0.02335 -0.36019 0.93228
19.19990 178.81847 -127.29577 3.13495 -0.02491 0.02193 -0.36005 0.93234
19.29991 179.85087 -128.24200 3.09347 -0.02585 0.02082 -0.36008 0.93233
19.39991 180.88545 -129.19885 3.04860 -0.02567 0.02032 -0.35973 0.93248
19.49991 181.91468 -130.16798 3.01845 -0.02267 0.01960 -0.35909 0.93282
19.59991 182.94707 -131.14115 2.99143 -0.02100 0.01877 -0.35837 0.93316
19.69990 183.98463 -132.10406 2.96672 -0.01997 0.01810 -0.35776 0.93343
19.79991 185.02413 -133.06702 2.94233 -0.01868 0.01718 -0.35719 0.93369
19.89991 186.07271 -134.02095 2.91718 -0.01805 0.01662 -0.35694 0.93381
19.99992 187.12033 -134.97000 2.89331 -0.01879 0.01757 -0.35654 0.93393
20.09991 188.16497 -135.92421 2.85774 -0.02139 0.01813 -0.35637 0.93392
20.19992 189.21263 -136.87408 2.83035 -0.02241 0.01649 -0.35647 0.93389
20.29992 190.25949 -137.82330 2.80288 -0.02576 0.01533 -0.35647 0.93383
20.39992 191.31490 -138.78437 2.77190 -0.02408 0.01376 -0.35658 0.93385
20.49992 192.37458 -139.75406 2.74599 -0.02401 0.01407 -0.35636 0.93393
20.59991 193.44325 -140.71707 2.71317 -0.02349 0.01452 -0.35645 0.93391
20.69991 194.51883 -141.68804 2.69830 -0.02084 0.01470 -0.35656 0.93392
20.79991 195.60342 -142.66456 2.69182 -0.02029 0.01682 -0.35658 0.93389
20.89991 196.67870 -143.63808 2.67586 -0.02059 0.01892 -0.35653 0.93386
20.99992 197.74829 -144.61695 2.63277 -0.02182 0.02069 -0.35624 0.93391
21.09991 198.81605 -145.59848 2.59622 -0.02199 0.02114 -0.35614 0.93394
21.19991 199.88399 -146.58017 2.56272 -0.02194 0.02021 -0.35592 0.93404
21.29991 200.96059 -147.56700 2.52789 -0.02134 0.01866 -0.35580 0.93413
21.39991 202.03898 -148.53978 2.47735 -0.02234 0.01812 -0.35565 0.93418
21.49991 203.11955 -149.52324 2.44982 -0.02250 0.01985 -0.35588 0.93405
21.59991 204.19547 -150.51216 2.42182 -0.02278 0.02352 -0.35601 0.93391
21.69991 205.26223 -151.50133 2.39793 -0.02251 0.02691 -0.35593 0.93385
21.79991 206.33954 -152.48882 2.36088 -0.01961 0.02640 -0.35619 0.93384
21.89991 207.41826 -153.46546 2.32508 -0.01657 0.02418 -0.35661 0.93379
21.99991 208.48832 -154.44679 2.28302 -0.01601 0.02287 -0.35740 0.93353
22.09991 209.56650 -155.43178 2.22511 -0.01852 0.02343 -0.35817 0.93318
22.19991 210.65184 -156.41180 2.16992 -0.02148 0.02342 -0.35892 0.93283
22.29991 211.72772 -157.39415 2.11241 -0.02059 0.02186 -0.35952 0.93265
22.39991 212.80303 -158.39090 2.05591 -0.02086 0.02246 -0.35977 0.93254
22.49991 213.86542 -159.38985 2.02562 -0.01903 0.02272 -0.36013 0.93243
22.59991 214.93485 -160.38766 2.00461 -0.02187 0.02337 -0.36024 0.93231
22.69991 216.00462 -161.38645 1.95945 -0.02096 0.02216 -0.36079 0.93215
22.79991 217.07572 -162.39363 1.91702 -0.01780 0.01949 -0.36152 0.93199
22.89991 218.14853 -163.40137 1.88331 -0.01624 0.01846 -0.36163 0.93200
22.99991 219.21037 -164.40750 1.85813 -0.01644 0.01896 -0.36181 0.93191
23.09991 220.28067 -165.40852 1.82837 -0.01290 0.01812 -0.36205 0.93189
23.19990 221.34122 -166.42516 1.79113 -0.01050 0.01766 -0.36188 0.93200
23.29990 222.40211 -167.41875 1.76970 -0.01311 0.01824 -0.36161 0.93206
23.39990 223.48398 -168.42333 1.72786 -0.01099 0.01652 -0.36164 0.93211
23.49991 224.56290 -169.42688 1.68414 -0.01351 0.01744 -0.36120 0.93223
23.59991 225.62570 -170.42909 1.66512 -0.01169 0.01632 -0.36107 0.93232
23.69990 226.70723 -171.41902 1.65350 -0.01294 0.01715 -0.36097 0.93233
23.79990 227.77829 -172.40323 1.62549 -0.01294 0.01766 -0.36066 0.93244
23.89991 228.84426 -173.40386 1.58562 -0.01400 0.01765 -0.36038 0.93253
23.99991 229.90993 -174.40362 1.55570 -0.00963 0.01620 -0.36043 0.93260
24.09991 230.96279 -175.40077 1.51565 -0.00706 0.01604 -0.35998 0.93280
24.19991 232.04659 -176.39471 1.45900 -0.00712 0.01662 -0.36046 0.93260
24.29991 233.12755 -177.38077 1.41366 -0.00558 0.01630 -0.36060 0.93256
24.39991 234.19107 -178.37792 1.37148 -0.00813 0.01737 -0.36070 0.93248
24.49991 235.26073 -179.38134 1.32384 -0.00783 0.01621 -0.36021 0.93270
24.59990 236.33550 -180.37062 1.28392 -0.00627 0.01493 -0.35952 0.93300
24.69990 237.41050 -181.36813 1.25227 -0.00361 0.01447 -0.35922 0.93313
24.79991 238.48589 -182.35511 1.21189 -0.00393 0.01578 -0.35887 0.93324
24.89991 239.56192 -183.35143 1.18162 -0.00394 0.01619 -0.35847 0.93339
24.99991 240.63395 -184.33713 1.12605 -0.00529 0.01571 -0.35865 0.93333
25.09991 241.70018 -185.33242 1.09310 -0.00494 0.01545 -0.35834 0.93345
25.19991 242.78292 -186.32619 1.05350 -0.00635 0.01577 -0.35825 0.93347
25.29990 243.85673 -187.31678 0.99863 -0.00139 0.01319 -0.35821 0.93355
25.39990 244.93376 -188.29754 0.96544 -0.00350 0.01476 -0.35817 0.93353
25.49991 246.00919 -189.29220 0.92786 -0.00402 0.01576 -0.35797 0.93359
25.59990 247.08265 -190.28277 0.89154 -0.00651 0.01608 -0.35782 0.93363
25.69990 248.16060 -191.26957 0.84801 -0.00448 0.01402 -0.35778 0.93369
25.79990 249.24029 -192.25606 0.80159 -0.00254 0.01342 -0.35756 0.93379
25.89990 250.31918 -193.24173 0.77058 -0.00162 0.01478 -0.35769 0.93372
25.99991 251.39729 -194.22901 0.73694 0.00015 0.01522 -0.35754 0.93377
26.09990 252.47039 -195.21613 0.70965 0.00043 0.01451 -0.35719 0.93392
26.19990 253.53783 -196.20627 0.67264 -0.00055 0.01409 -0.35693 0.93402
26.29990 254.61346 -197.19302 0.63260 -0.00113 0.01421 -0.35666 0.93413
26.39991 255.68167 -198.17198 0.59858 -0.00300 0.01636 -0.35651 0.93414
26.49991 256.75770 -199.15517 0.56310 -0.00312 0.01639 -0.35651 0.93414
26.59991 257.83176 -200.13054 0.51188 -0.00389 0.01508 -0.35640 0.93421
26.69991 258.90460 -201.11423 0.48328 -0.00180 0.01323 -0.35672 0.93412
26.79991 260.00572 -202.10498 0.46213 0.00041 0.01307 -0.35682 0.93408
26.89991 261.08440 -203.09428 0.42416 0.00138 0.01395 -0.35694 0.93402
26.99991 262.17029 -204.08843 0.38017 -0.00172 0.01512 -0.35678 0.93406
27.09990 263.25624 -205.07639 0.32655 -0.00004 0.01277 -0.35672 0.93412
27.19990 264.35501 -206.07252 0.28794 -0.00264 0.01185 -0.35686 0.93408
27.29990 265.46777 -207.05689 0.24312 -0.00580 0.01220 -0.35688 0.93405
27.39991 266.57098 -208.06515 0.20984 -0.00672 0.01273 -0.35710 0.93396
27.49991 267.68519 -209.08450 0.18076 -0.00655 0.01320 -0.35670 0.93410
27.59990 268.80794 -210.10811 0.15219 -0.00618 0.01374 -0.35640 0.93421
27.69990 269.94725 -211.13634 0.11527 -0.00329 0.01285 -0.35655 0.93418
27.79990 271.08472 -212.18777 0.07627 -0.00007 0.01209 -0.35647 0.93423
27.89990 272.23510 -213.23434 0.02040 -0.00072 0.01296 -0.35615 0.93434
27.99990 273.38450 -214.28985 -0.03056 -0.00541 0.01543 -0.35604 0.93433
28.09990 274.55226 -215.34634 -0.08869 -0.00867 0.01622 -0.35596 0.93432
28.19990 275.71473 -216.41209 -0.15050 -0.00974 0.01623 -0.35582 0.93436
28.29990 276.87794 -217.48295 -0.19555 -0.00841 0.01417 -0.35540 0.93457
28.39990 278.06184 -218.53831 -0.24419 -0.00556 0.01234 -0.35536 0.93463
28.49990 279.24715 -219.61744 -0.27413 -0.00633 0.01464 -0.35522 0.93465
28.59990 280.43458 -220.69728 -0.31824 -0.00664 0.01569 -0.35533 0.93459
28.69990 281.62625 -221.77087 -0.36186 -0.00368 0.01296 -0.35546 0.93459
28.79990 282.80960 -222.85465 -0.41042 -0.00115 0.01191 -0.35521 0.93471
28.89990 283.99401 -223.92351 -0.44389 -0.00238 0.01319 -0.35552 0.93457
28.99991 285.17151 -225.01303 -0.49728 -0.00147 0.01174 -0.35570 0.93452
29.09990 286.35328 -226.09765 -0.53193 -0.00417 0.01290 -0.35591 0.93442
29.19990 287.55349 -227.18051 -0.56937 -0.00423 0.01332 -0.35625 0.93429
29.29990 288.75622 -228.25106 -0.59824 -0.00624 0.01443 -0.35684 0.93403
29.39990 289.94802 -229.34161 -0.62947 -0.00596 0.01534 -0.35718 0.93389
29.49990 291.14771 -230.42673 -0.68318 -0.00253 0.01446 -0.35773 0.93371
29.59990 292.34201 -231.53277 -0.71883 -0.00015 0.01405 -0.35798 0.93362
29.69990 293.53976 -232.62800 -0.75669 0.00266 0.01524 -0.35792 0.93362
29.79990 294.73084 -233.72000 -0.81147 0.00304 0.01643 -0.35834 0.93344
29.89990 295.91842 -234.80923 -0.85006 0.00276 0.01530 -0.35862 0.93335
29.99990 297.10667 -235.88577 -0.89721 0.00014 0.01269 -0.35883 0.93332
30.09990 298.28624 -236.97799 -0.95856 -0.00369 0.01212 -0.35875 0.93335
30.19989 299.46244 -238.07133 -0.98909 -0.00478 0.01391 -0.35842 0.93344
30.29989 300.64994 -239.15721 -1.01518 -0.00445 0.01672 -0.35844 0.93339
30.39989 301.84280 -240.23644 -1.04211 -0.00197 0.01803 -0.35857 0.93332
30.49990 303.03545 -241.33365 -1.07224 0.00055 0.01634 -0.35846 0.93340
30.59989 304.22807 -242.42101 -1.11561 -0.00123 0.01419 -0.35852 0.93341
30.69989 305.40272 -243.51858 -1.16090 -0.00263 0.01363 -0.35833 0.93349
30.79990 306.59979 -244.62698 -1.20535 0.00038 0.01305 -0.35835 0.93350
30.89990 307.79988 -245.73512 -1.25298 0.00250 0.01177 -0.35822 0.93356
30.99991 309.00514 -246.86328 -1.33085 0.00475 0.01027 -0.35809 0.93362
31.09991 310.21246 -247.98503 -1.37164 0.00232 0.01063 -0.35801 0.93366
31.19990 311.43561 -249.12037 -1.40050 0.00118 0.01113 -0.35793 0.93368
31.29990 312.67072 -250.25093 -1.45305 0.00040 0.01245 -0.35776 0.93373
31.39990 313.91293 -251.38041 -1.49990 0.00393 0.01087 -0.35805 0.93363
31.49991 315.14025 -252.50881 -1.54025 0.00572 0.00910 -0.35782 0.93373
31.59990 316.38623 -253.64223 -1.59600 0.00705 0.00891 -0.35777 0.93374
31.69990 317.64199 -254.78235 -1.65317 0.00427 0.01136 -0.35769 0.93376
31.79990 318.88840 -255.93093 -1.70876 -0.00291 0.01392 -0.35758 0.93377
31.89990 320.13559 -257.07207 -1.76274 -0.00409 0.01377 -0.35766 0.93374
31.99991 321.36525 -258.20951 -1.79386 -0.00222 0.01285 -0.35743 0.93385
32.09990 322.59276 -259.34393 -1.83071 0.00140 0.01346 -0.35731 0.93389
32.19990 323.84296 -260.47569 -1.85810 0.00463 0.01585 -0.35760 0.93373
32.29990 325.07647 -261.58478 -1.90869 0.00463 0.01805 -0.35808 0.93350
32.39990 326.29886 -262.69433 -1.97223 0.00621 0.01740 -0.35843 0.93337
32.49990 327.50647 -263.81175 -2.02906 0.00346 0.01733 -0.35843 0.93339
32.59990 328.69202 -264.91966 -2.05558 0.00275 0.01719 -0.35855 0.93335
32.69989 329.86763 -266.01300 -2.11399 0.00442 0.01611 -0.35882 0.93326
32.79989 331.03611 -267.08614 -2.16753 0.00528 0.01603 -0.35917 0.93312
32.89990 332.17702 -268.14752 -2.19656 0.00899 0.01573 -0.35929 0.93305
32.99990 333.31428 -269.18868 -2.22540 0.00977 0.01735 -0.35954 0.93292
33.09990 334.44335 -270.21312 -2.27250 0.00816 0.01882 -0.35968 0.93285
33.19989 335.53933 -271.23046 -2.31164 0.00418 0.01945 -0.35987 0.93279
33.29989 336.61386 -272.23367 -2.35363 0.00341 0.01781 -0.35983 0.93284
33.39989 337.68050 -273.22452 -2.40161 0.00124 0.01733 -0.35956 0.93296
33.49990 338.73192 -274.19690 -2.44436 0.00432 0.01624 -0.35940 0.93303
33.59989 339.76166 -275.16466 -2.50020 0.00360 0.01651 -0.35938 0.93304
33.69989 340.78235 -276.10462 -2.54161 0.00401 0.01623 -0.35934 0.93306
33.79989 341.79796 -277.05137 -2.58061 0.00724 0.01408 -0.35920 0.93313
33.89989 342.78694 -277.97956 -2.61265 0.00962 0.01161 -0.35903 0.93320
33.99990 343.77591 -278.90267 -2.64303 0.01172 0.01009 -0.35863 0.93335
34.09990 344.75114 -279.80631 -2.67163 0.01285 0.01016 -0.35885 0.93325
34.19990 345.72623 -280.69731 -2.69678 0.01144 0.01174 -0.35881 0.93327
34.29990 346.69117 -281.57368 -2.72804 0.01134 0.01156 -0.35905 0.93318
34.39990 347.64659 -282.45754 -2.76212 0.01278 0.01002 -0.35901 0.93319
34.49990 348.59737 -283.33073 -2.79218 0.01193 0.00988 -0.35888 0.93326
34.59989 349.53027 -284.20008 -2.81770 0.01354 0.00954 -0.35860 0.93334
34.69989 350.45622 -285.04931 -2.84255 0.01259 0.00948 -0.35834 0.93346
34.79989 351.37635 -285.89705 -2.86504 0.01069 0.01009 -0.35820 0.93353
34.89989 352.29569 -286.72302 -2.89675 0.01152 0.00978 -0.35826 0.93350
34.99990 353.20583 -287.56138 -2.93505 0.01353 0.00854 -0.35797 0.93359
35.09989 354.10658 -288.39288 -2.95809 0.01279 0.00858 -0.35781 0.93367
35.19989 355.01321 -289.22282 -2.99046 0.01184 0.00941 -0.35759 0.93376
35.29989 355.91017 -290.04558 -3.02841 0.00869 0.01004 -0.35726 0.93391
35.39990 356.82444 -290.87126 -3.06518 0.01027 0.00839 -0.35730 0.93390
35.49990 357.73057 -291.69580 -3.10546 0.01106 0.00739 -0.35721 0.93393
35.59990 358.63219 -292.51867 -3.12704 0.01292 0.00739 -0.35707 0.93396
35.69990 359.53727 -293.35472 -3.15732 0.01282 0.00852 -0.35685 0.93404
35.79990 360.45016 -294.17553 -3.18200 0.01220 0.00988 -0.35681 0.93404
35.89990 361.35752 -294.99056 -3.21183 0.01402 0.01010 -0.35685 0.93400
35.99991 362.25648 -295.81266 -3.24819 0.01384 0.01012 -0.35654 0.93412
36.09990 363.15512 -296.62434 -3.28359 0.01205 0.01100 -0.35653 0.93414
36.19990 364.04434 -297.44105 -3.32055 0.01117 0.01236 -0.35671 0.93407
36.29990 364.92415 -298.24674 -3.33733 0.00892 0.01325 -0.35630 0.93423
36.39990 365.79112 -299.03906 -3.36237 0.00894 0.01282 -0.35643 0.93419
36.49990 366.65104 -299.83145 -3.40160 0.01266 0.01206 -0.35634 0.93419
36.59989 367.51798 -300.62498 -3.43710 0.01557 0.01182 -0.35608 0.93425
36.69989 368.36681 -301.40453 -3.47365 0.01588 0.01267 -0.35600 0.93427
36.79990 369.21377 -302.17466 -3.51151 0.01692 0.01306 -0.35590 0.93428
36.89990 370.05611 -302.92863 -3.55907 0.01969 0.01099 -0.35599 0.93422
36.99990 370.87739 -303.68390 -3.59632 0.01649 0.01108 -0.35602 0.93427
37.09990 371.69827 -304.43840 -3.62508 0.01524 0.01011 -0.35597 0.93432
37.19989 372.51382 -305.18153 -3.66018 0.01356 0.00885 -0.35630 0.93423
37.29990 373.32628 -305.91688 -3.68347 0.01162 0.00756 -0.35632 0.93426
37.39990 374.14031 -306.63311 -3.70069 0.01559 0.00490 -0.35637 0.93420
37.49990 374.95219 -307.38296 -3.73491 0.01381 0.00414 -0.35645 0.93420
37.59990 375.75658 -308.12192 -3.74594 0.01300 0.00401 -0.35633 0.93426
37.69990 376.57472 -308.86409 -3.75987 0.01275 0.00444 -0.35668 0.93413
37.79990 377.38591 -309.60069 -3.76259 0.01129 0.00579 -0.35672 0.93413
37.89990 378.19310 -310.32682 -3.77663 0.00986 0.00644 -0.35675 0.93412
37.99990 378.99398 -311.06477 -3.80108 0.00979 0.00629 -0.35671 0.93414
38.09990 379.80229 -311.80275 -3.82822 0.01422 0.00462 -0.35669 0.93410
38.19989 380.61062 -312.55097 -3.83925 0.01160 0.00645 -0.35673 0.93411
38.29990 381.42134 -313.28920 -3.86697 0.01087 0.00767 -0.35666 0.93414
38.39990 382.23735 -314.03974 -3.88569 0.01080 0.00925 -0.35681 0.93407
38.49990 383.05697 -314.78207 -3.91029 0.01200 0.00981 -0.35670 0.93409
38.59990 383.87206 -315.53423 -3.94457 0.01575 0.00748 -0.35675 0.93404
38.69989 384.69396 -316.27137 -3.97264 0.01364 0.00666 -0.35684 0.93404
38.79989 385.51187 -317.01677 -4.00067 0.01139 0.00698 -0.35699 0.93401
38.89989 386.32982 -317.76530 -4.02890 0.01157 0.00691 -0.35691 0.93404
38.99990 387.14824 -318.52254 -4.04663 0.01237 0.00629 -0.35681 0.93408
39.09989 387.96137 -319.28149 -4.05851 0.01219 0.00624 -0.35671 0.93412
39.19989 388.78106 -320.02740 -4.06615 0.01207 0.00745 -0.35676 0.93409
39.29989 389.60878 -320.77347 -4.08996 0.01244 0.00807 -0.35674 0.93409
39.39989 390.42912 -321.52057 -4.11257 0.01573 0.00773 -0.35666 0.93407
39.49990 391.25522 -322.27182 -4.14960 0.02012 0.00646 -0.35655 0.93404
39.59989 392.07822 -323.02833 -4.18304 0.02255 0.00561 -0.35627 0.93409
39.69989 392.90558 -323.77651 -4.23165 0.01703 0.00713 -0.35649 0.93412
39.79990 393.73535 -324.52632 -4.26032 0.01718 0.00700 -0.35647 0.93412
39.89990 394.56116 -325.27706 -4.27905 0.01984 0.00570 -0.35627 0.93415
39.99990 395.38110 -326.03388 -4.30938 0.01856 0.00592 -0.35626 0.93418
40.09990 396.21628 -326.78413 -4.34089 0.01597 0.00643 -0.35620 0.93425
40.19990 397.03904 -327.54380 -4.36811 0.01356 0.00736 -0.35620 0.93428
40.29990 397.87885 -328.28803 -4.39076 0.01660 0.00702 -0.35630 0.93420
40.39990 398.70884 -329.04384 -4.41572 0.01864 0.00669 -0.35626 0.93418
40.49990 399.54099 -329.79656 -4.44044 0.01904 0.00631 -0.35615 0.93421
40.59990 400.36204 -330.56414 -4.45618 0.02007 0.00511 -0.35607 0.93423
40.69990 401.19650 -331.31704 -4.47686 0.02194 0.00425 -0.35620 0.93414
40.79990 402.02787 -332.07619 -4.51243 0.02109 0.00435 -0.35606 0.93421
40.89990 402.86766 -332.82023 -4.54489 0.02257 0.00340 -0.35612 0.93416
40.99990 403.69928 -333.58814 -4.58570 0.01963 0.00357 -0.35600 0.93427
41.09990 404.53908 -334.34889 -4.61622 0.02011 0.00276 -0.35608 0.93424
41.19990 405.37262 -335.10422 -4.64070 0.01540 0.00502 -0.35628 0.93424
41.29989 406.20976 -335.85826 -4.67572 0.01479 0.00601 -0.35626 0.93425
41.39990 407.04462 -336.61263 -4.69520 0.01616 0.00527 -0.35619 0.93426
41.49990 407.88582 -337.36780 -4.71837 0.01678 0.00508 -0.35636 0.93418
41.59990 408.71916 -338.12884 -4.74193 0.01960 0.00412 -0.35635 0.93414
41.69989 409.55419 -338.88982 -4.77041 0.02087 0.00368 -0.35644 0.93408
41.79989 410.39196 -339.64536 -4.80399 0.01899 0.00481 -0.35647 0.93410
41.89990 411.21616 -340.41136 -4.84147 0.02050 0.00463 -0.35625 0.93415
41.99990 412.04932 -341.17308 -4.86799 0.02014 0.00518 -0.35602 0.93425
42.09990 412.86840 -341.92496 -4.87997 0.02101 0.00503 -0.35602 0.93423
42.19989 413.69081 -342.66568 -4.89848 0.02021 0.00574 -0.35597 0.93426
42.29990 414.51488 -343.41923 -4.92388 0.01990 0.00612 -0.35591 0.93429
42.39990 415.33092 -344.17027 -4.96369 0.02392 0.00505 -0.35553 0.93434
42.49990 416.14218 -344.91004 -4.99475 0.02358 0.00658 -0.35533 0.93442
42.59990 416.95440 -345.65181 -5.01404 0.02491 0.00745 -0.35523 0.93442
42.69989 417.76102 -346.38859 -5.03727 0.02344 0.00836 -0.35513 0.93449
42.79989 418.56980 -347.10708 -5.08071 0.02374 0.00725 -0.35525 0.93444
42.89989 419.36439 -347.82832 -5.11231 0.02426 0.00599 -0.35508 0.93450
42.99990 420.15079 -348.55211 -5.14124 0.02338 0.00640 -0.35485 0.93461
43.09990 420.93584 -349.26450 -5.16052 0.02374 0.00646 -0.35512 0.93450
43.19989 421.72133 -349.96895 -5.19127 0.02240 0.00624 -0.35531 0.93446
43.29990 422.49483 -350.66167 -5.21167 0.02266 0.00521 -0.35531 0.93446
43.39989 423.26410 -351.34783 -5.24100 0.02164 0.00505 -0.35563 0.93436
43.49990 424.01791 -352.04230 -5.26704 0.02086 0.00503 -0.35566 0.93437
43.59989 424.77920 -352.72409 -5.29494 0.02230 0.00469 -0.35584 0.93427
43.69989 425.52844 -353.39922 -5.32662 0.01935 0.00530 -0.35589 0.93431
43.79989 426.27938 -354.07943 -5.34629 0.01809 0.00600 -0.35605 0.93427
43.89989 427.03187 -354.75908 -5.36552 0.01931 0.00567 -0.35618 0.93420
43.99989 427.78594 -355.45007 -5.39033 0.01960 0.00516 -0.35630 0.93415
44.09989 428.53296 -356.13074 -5.41219 0.02072 0.00483 -0.35638 0.93410
44.19989 429.28689 -356.82202 -5.43358 0.02043 0.00521 -0.35632 0.93413
44.29990 430.03449 -357.49910 -5.45791 0.01912 0.00492 -0.35647 0.93410
44.39989 430.77103 -358.17861 -5.47530 0.02097 0.00386 -0.35637 0.93410
44.49990 431.52350 -358.86095 -5.49878 0.02144 0.00429 -0.35632 0.93411
44.59990 432.27304 -359.53815 -5.51407 0.02271 0.00470 -0.35645 0.93403
44.69989 433.01857 -360.21044 -5.54458 0.02151 0.00472 -0.35652 0.93403
44.79990 433.76851 -360.88908 -5.56578 0.02106 0.00438 -0.35661 0.93401
44.89989 434.51389 -361.57880 -5.58678 0.01952 0.00461 -0.35644 0.93410
44.99990 435.26974 -362.26069 -5.60384 0.02183 0.00476 -0.35622 0.93413
45.09989 436.02360 -362.94086 -5.62792 0.02043 0.00581 -0.35627 0.93414
45.19989 436.78272 -363.62717 -5.65955 0.01636 0.00715 -0.35655 0.93411
45.29989 437.53379 -364.30847 -5.68172 0.02097 0.00599 -0.35627 0.93413
45.39989 438.28515 -364.99318 -5.71773 0.02177 0.00576 -0.35615 0.93416
45.49990 439.04068 -365.68416 -5.74051 0.01967 0.00629 -0.35599 0.93426
45.59989 439.79082 -366.37568 -5.77234 0.01949 0.00590 -0.35594 0.93429
45.69989 440.54235 -367.06671 -5.80581 0.02198 0.00471 -0.35590 0.93425
45.79989 441.31093 -367.75551 -5.82653 0.02275 0.00444 -0.35581 0.93427
45.89990 442.06663 -368.44774 -5.85472 0.02407 0.00359 -0.35559 0.93432
45.99990 442.83183 -369.13322 -5.88549 0.02306 0.00398 -0.35537 0.93443
46.09990 443.59668 -369.82692 -5.91541 0.02289 0.00442 -0.35541 0.93442
46.19989 444.36098 -370.52348 -5.93582 0.02289 0.00541 -0.35523 0.93448
46.29990 445.13426 -371.21665 -5.98050 0.02285 0.00626 -0.35529 0.93446
46.39989 445.90098 -371.89719 -6.01466 0.02215 0.00695 -0.35498 0.93458
46.49989 446.65872 -372.58985 -6.06098 0.02415 0.00623 -0.35493 0.93456
46.59989 447.43479 -373.28628 -6.09126 0.02254 0.00772 -0.35476 0.93466
46.69989 448.20615 -373.97814 -6.11110 0.01859 0.01009 -0.35476 0.93472
46.79989 448.96557 -374.67969 -6.14881 0.01802 0.01042 -0.35474 0.93473
46.89989 449.74189 -375.36816 -6.18556 0.01780 0.01084 -0.35472 0.93474
46.99989 450.51345 -376.06745 -6.20185 0.01969 0.01108 -0.35446 0.93480
47.09989 451.28788 -376.75763 -6.24122 0.02128 0.00988 -0.35485 0.93463
47.19989 452.06405 -377.45540 -6.27457 0.02149 0.00949 -0.35478 0.93466
47.29989 452.84070 -378.15281 -6.31784 0.01999 0.00928 -0.35471 0.93472
47.39989 453.61607 -378.85885 -6.35740 0.01771 0.00940 -0.35486 0.93470
47.49990 454.38720 -379.56439 -6.39480 0.01783 0.00808 -0.35490 0.93470
47.59989 455.16367 -380.27018 -6.42920 0.01783 0.00724 -0.35472 0.93477
47.69989 455.94177 -380.97077 -6.47339 0.01946 0.00546 -0.35493 0.93467
47.79989 456.71874 -381.67744 -6.49201 0.01917 0.00510 -0.35497 0.93467
47.89989 457.50350 -382.39570 -6.50775 0.01871 0.00501 -0.35502 0.93466
47.99990 458.29246 -383.11686 -6.52965 0.02211 0.00365 -0.35514 0.93455
48.09990 459.09608 -383.84231 -6.55327 0.02132 0.00449 -0.35511 0.93457
48.19989 459.90362 -384.56916 -6.56712 0.02306 0.00486 -0.35538 0.93443
48.29989 460.71364 -385.31018 -6.60170 0.02371 0.00536 -0.35531 0.93443
48.39989 461.53034 -386.03838 -6.62488 0.02684 0.00468 -0.35533 0.93434
48.49989 462.34595 -386.78401 -6.65114 0.02553 0.00468 -0.35558 0.93429
48.59989 463.16501 -387.53576 -6.69671 0.02502 0.00401 -0.35550 0.93433
48.69989 463.99087 -388.28723 -6.73139 0.02403 0.00381 -0.35568 0.93429
48.79989 464.82850 -389.03879 -6.76684 0.02068 0.00423 -0.35584 0.93431
48.89989 465.66021 -389.79137 -6.79864 0.02164 0.00229 -0.35596 0.93425
48.99990 466.50983 -390.55677 -6.82928 0.01878 0.00219 -0.35634 0.93416
49.09989 467.36206 -391.32039 -6.83785 0.01822 0.00299 -0.35657 0.93409
49.19989 468.22808 -392.10577 -6.86774 0.01822 0.00412 -0.35691 0.93395
49.29990 469.09864 -392.89649 -6.89187 0.01661 0.00504 -0.35710 0.93390
49.39989 469.97787 -393.69632 -6.93652 0.01741 0.00326 -0.35750 0.93374
49.49990 470.85766 -394.49627 -6.96792 0.01803 0.00187 -0.35773 0.93365
49.59989 471.74608 -395.32505 -7.00948 0.02220 -0.00043 -0.35761 0.93361
49.69989 472.64619 -396.16649 -7.04443 0.02310 -0.00063 -0.35772 0.93354
49.79989 473.56965 -397.00726 -7.06923 0.02222 0.00023 -0.35782 0.93352
49.89989 474.50730 -397.85137 -7.09782 0.02111 0.00033 -0.35810 0.93344
49.99989 475.45652 -398.71552 -7.12788 0.02430 -0.00102 -0.35796 0.93342
50.09988 476.42245 -399.58970 -7.15959 0.02429 -0.00090 -0.35792 0.93344
50.19988 477.40327 -400.48353 -7.19017 0.02635 -0.00242 -0.35792 0.93338
50.29988 478.39659 -401.39078 -7.21978 0.02624 -0.00425 -0.35777 0.93343
50.39988 479.40235 -402.31543 -7.24489 0.02017 -0.00367 -0.35794 0.93352
50.49989 480.43465 -403.25738 -7.27574 0.01747 -0.00318 -0.35772 0.93366
50.59988 481.48918 -404.21659 -7.31013 0.01668 -0.00274 -0.35763 0.93371
50.69988 482.56467 -405.19736 -7.34684 0.02028 -0.00439 -0.35776 0.93358
50.79988 483.65324 -406.18721 -7.37430 0.02374 -0.00687 -0.35782 0.93347
50.89989 484.75336 -407.19387 -7.40479 0.02225 -0.00684 -0.35774 0.93353
50.99989 485.88986 -408.22759 -7.42523 0.02275 -0.00642 -0.35790 0.93346
51.09989 487.03579 -409.28210 -7.44739 0.02281 -0.00686 -0.35796 0.93343
51.19988 488.20204 -410.35770 -7.47101 0.02013 -0.00932 -0.35839 0.93331
51.29988 489.39860 -411.45182 -7.49089 0.02126 -0.01123 -0.35850 0.93322
51.39989 490.61833 -412.56788 -7.51139 0.02509 -0.00965 -0.35852 0.93314
51.49989 491.85916 -413.71538 -7.53643 0.02753 -0.00682 -0.35837 0.93315
51.59989 493.12431 -414.87401 -7.57481 0.02948 -0.00522 -0.35833 0.93311
51.69988 494.40981 -416.04898 -7.64031 0.02678 -0.00514 -0.35847 0.93314
51.79988 495.70189 -417.24527 -7.69444 0.02578 -0.00773 -0.35811 0.93329
51.89988 497.02054 -418.46919 -7.73671 0.02487 -0.00932 -0.35777 0.93343
51.99989 498.35573 -419.70651 -7.77257 0.02634 -0.00824 -0.35753 0.93349
52.09988 499.72723 -420.96251 -7.80824 0.03041 -0.00692 -0.35705 0.93356
52.19988 501.11286 -422.23028 -7.84596 0.03532 -0.00769 -0.35647 0.93361
52.29988 502.52165 -423.52235 -7.89743 0.03700 -0.00839 -0.35589 0.93376
52.39988 503.95375 -424.82031 -7.93611 0.03564 -0.00864 -0.35537 0.93401
52.49989 505.40011 -426.13243 -7.98329 0.03212 -0.00608 -0.35501 0.93429
52.59989 506.86926 -427.46020 -8.04591 0.02877 -0.00391 -0.35463 0.93456
52.69989 508.36211 -428.79626 -8.10790 0.03152 -0.00520 -0.35427 0.93460
52.79989 509.86112 -430.13064 -8.16721 0.03169 -0.00487 -0.35416 0.93464
52.89989 511.36577 -431.48188 -8.22437 0.03014 -0.00165 -0.35414 0.93471
52.99989 512.87485 -432.85466 -8.26620 0.02943 0.00228 -0.35383 0.93485
53.09989 514.39451 -434.22595 -8.32152 0.03141 0.00422 -0.35395 0.93473
53.19989 515.91726 -435.59195 -8.38938 0.03047 0.00497 -0.35412 0.93469
53.29989 517.43331 -436.95797 -8.45939 0.02708 0.00527 -0.35429 0.93473
53.39989 518.95082 -438.33416 -8.52305 0.02731 0.00401 -0.35435 0.93471
53.49990 520.46434 -439.71238 -8.58372 0.02674 0.00533 -0.35438 0.93470
53.59989 521.99130 -441.08712 -8.65143 0.02681 0.00567 -0.35453 0.93464
53.69989 523.52635 -442.45920 -8.71713 0.02790 0.00524 -0.35474 0.93453
53.79989 525.04839 -443.82108 -8.78154 0.02894 0.00296 -0.35476 0.93451
53.89989 526.58158 -445.20408 -8.84210 0.02922 0.00155 -0.35496 0.93442
53.99990 528.11735 -446.57869 -8.90009 0.02989 0.00206 -0.35522 0.93430
54.09989 529.66758 -447.96028 -8.95104 0.03104 0.00156 -0.35537 0.93421
54.19988 531.19110 -449.33277 -9.03525 0.02579 0.00260 -0.35502 0.93450
54.29988 532.71875 -450.70375 -9.08769 0.02818 0.00108 -0.35526 0.93434
54.39989 534.23443 -452.09038 -9.12389 0.03131 -0.00129 -0.35516 0.93428
54.49989 535.75040 -453.48170 -9.16115 0.03179 -0.00176 -0.35509 0.93429
54.59989 537.28738 -454.86387 -9.22737 0.03180 -0.00059 -0.35494 0.93435
54.69989 538.81498 -456.24569 -9.27886 0.03037 0.00045 -0.35512 0.93433
54.79989 540.34559 -457.61813 -9.33295 0.02966 0.00055 -0.35523 0.93431
54.89989 541.87500 -459.00294 -9.39585 0.02658 0.00096 -0.35534 0.93436
54.99989 543.40205 -460.38597 -9.44459 0.02540 0.00017 -0.35547 0.93434
55.09989 544.93071 -461.76444 -9.47932 0.02671 -0.00167 -0.35555 0.93427
55.19989 546.45260 -463.14443 -9.50361 0.02757 -0.00259 -0.35565 0.93421
55.29989 547.99536 -464.54260 -9.53955 0.02966 -0.00240 -0.35574 0.93411
55.39989 549.53379 -465.95800 -9.57938 0.03195 -0.00101 -0.35587 0.93399
55.49989 551.08700 -467.37479 -9.63101 0.03386 0.00019 -0.35569 0.93399
55.59988 552.64815 -468.78691 -9.67643 0.03472 0.00039 -0.35616 0.93378
55.69989 554.21041 -470.20799 -9.74940 0.03267 0.00149 -0.35627 0.93381
55.79989 555.77296 -471.64872 -9.83031 0.03024 0.00274 -0.35643 0.93383
55.89989 557.34124 -473.07996 -9.90940 0.03688 0.00038 -0.35678 0.93346
55.99989 558.92436 -474.51301 -9.99033 0.04120 -0.00159 -0.35685 0.93325
56.09989 560.50309 -475.93762 -10.05537 0.04210 -0.00364 -0.35711 0.93311
56.19989 562.08415 -477.35987 -10.11077 0.04402 -0.00492 -0.35722 0.93297
56.29989 563.67976 -478.78867 -10.14537 0.04291 -0.00239 -0.35744 0.93295
56.39989 565.26872 -480.21532 -10.19990 0.04177 -0.00190 -0.35754 0.93296
56.49990 566.85354 -481.66130 -10.24985 0.04331 -0.00368 -0.35711 0.93305
56.59989 568.41440 -483.11008 -10.29372 0.04364 -0.00329 -0.35666 0.93321
56.69989 569.98270 -484.53702 -10.33412 0.03972 -0.00070 -0.35649 0.93346
56.79989 571.55544 -485.97452 -10.39467 0.04260 0.00098 -0.35562 0.93366
56.89988 573.11703 -487.39754 -10.45712 0.04569 0.00256 -0.35486 0.93380
56.99989 574.67554 -488.81133 -10.50852 0.04774 0.00284 -0.35435 0.93389
57.09988 576.23230 -490.22304 -10.56013 0.05115 0.00161 -0.35445 0.93367
57.19988 577.78123 -491.62136 -10.64138 0.05009 0.00161 -0.35466 0.93365
57.29989 579.30746 -492.99708 -10.73927 0.04615 0.00147 -0.35510 0.93369
57.39989 580.82206 -494.36646 -10.81348 0.04701 0.00187 -0.35524 0.93359
57.49989 582.31237 -495.72023 -10.88510 0.04634 0.00602 -0.35529 0.93359
57.59988 583.78784 -497.05517 -10.94760 0.05033 0.00765 -0.35528 0.93337
57.69988 585.26145 -498.36870 -11.01649 0.05149 0.00608 -0.35577 0.93314
57.79989 586.71677 -499.66078 -11.11905 0.04758 0.00397 -0.35664 0.93302
57.89989 588.15228 -500.96061 -11.18449 0.04218 0.00263 -0.35679 0.93323
57.99989 589.58218 -502.24494 -11.26844 0.03794 0.00300 -0.35618 0.93364
58.09988 590.99939 -503.53748 -11.30873 0.03971 0.00731 -0.35560 0.93376
58.19988 592.40002 -504.80321 -11.36581 0.04462 0.00854 -0.35475 0.93386
58.29988 593.79567 -506.06001 -11.42970 0.04858 0.00766 -0.35460 0.93373
58.39989 595.17072 -507.29759 -11.51408 0.04553 0.00683 -0.35583 0.93341
58.49989 596.53077 -508.51551 -11.59413 0.04615 0.00560 -0.35620 0.93325
58.59989 597.87935 -509.74016 -11.67933 0.04557 0.00812 -0.35608 0.93331
58.69988 599.21984 -510.94774 -11.74003 0.04795 0.01102 -0.35571 0.93330
58.79988 600.53729 -512.15508 -11.80527 0.05099 0.01163 -0.35600 0.93302
58.89988 601.83767 -513.33277 -11.87038 0.05355 0.01055 -0.35565 0.93303
58.99989 603.11842 -514.49904 -11.95477 0.05216 0.00813 -0.35643 0.93283
59.09988 604.38625 -515.67590 -12.03330 0.04918 0.00634 -0.35751 0.93259
59.19988 605.62799 -516.83308 -12.10773 0.04734 0.00633 -0.35709 0.93285
59.29988 606.89045 -517.95615 -12.16311 0.04718 0.00709 -0.35776 0.93260
59.39988 608.13459 -519.08129 -12.22139 0.04626 0.00956 -0.35844 0.93236
59.49988 609.37233 -520.17096 -12.30010 0.04833 0.01066 -0.35827 0.93231
59.59988 610.57826 -521.28872 -12.38148 0.05098 0.01061 -0.35835 0.93213
59.69987 611.75804 -522.39971 -12.45761 0.05190 0.01031 -0.35794 0.93224
59.79988 612.92344 -523.49268 -12.53344 0.04937 0.00972 -0.35811 0.93232
59.89988 614.09271 -524.56190 -12.59033 0.04733 0.00783 -0.35772 0.93260
59.99989 615.25496 -525.62764 -12.66138 0.04712 0.00790 -0.35826 0.93240
60.09988 616.41293 -526.68439 -12.73157 0.04805 0.00872 -0.35701 0.93282
60.19987 617.56445 -527.72885 -12.80712 0.05144 0.01102 -0.35463 0.93353
60.29986 618.70583 -528.74433 -12.87522 0.05518 0.01276 -0.35168 0.93441
60.39987 619.83890 -529.74909 -12.95136 0.04878 0.01001 -0.34864 0.93593
60.49988 620.96592 -530.72411 -13.02293 0.04058 0.00555 -0.34636 0.93721
60.59987 622.09832 -531.67150 -13.08179 0.03605 0.00502 -0.34163 0.93913
60.69987 623.21999 -532.60609 -13.12380 0.03726 0.00966 -0.33684 0.94077
60.79987 624.33783 -533.53009 -13.18066 0.03677 0.01356 -0.33073 0.94291
60.89988 625.44933 -534.44469 -13.22543 0.03699 0.01449 -0.32566 0.94465
60.99988 626.55682 -535.32686 -13.29808 0.04083 0.01597 -0.31886 0.94679
61.09987 627.64952 -536.17826 -13.37000 0.04183 0.01583 -0.31193 0.94905
61.19986 628.75114 -537.00839 -13.43977 0.04124 0.01435 -0.30267 0.95209
61.29987 629.87988 -537.81374 -13.50853 0.03906 0.01385 -0.29449 0.95475
61.39988 631.01040 -538.57180 -13.57073 0.03641 0.01535 -0.28549 0.95757
61.49989 632.13541 -539.33408 -13.63510 0.03589 0.01597 -0.27728 0.95999
61.59988 633.27168 -540.02510 -13.68401 0.03461 0.01668 -0.26822 0.96259
61.69988 634.41507 -540.69882 -13.74072 0.03648 0.01749 -0.26055 0.96461
61.79989 635.56290 -541.34937 -13.80301 0.03757 0.01745 -0.25110 0.96707
61.89989 636.69914 -541.98767 -13.85990 0.03810 0.01761 -0.24353 0.96898
61.99990 637.84227 -542.61522 -13.90902 0.03730 0.01681 -0.23525 0.97107
62.09989 639.00284 -543.22975 -13.98342 0.03859 0.01507 -0.22759 0.97288
62.19989 640.18971 -543.80957 -14.04875 0.03877 0.01377 -0.22000 0.97463
62.29990 641.38128 -544.36019 -14.10117 0.03912 0.01489 -0.21397 0.97594
62.39991 642.58269 -544.87592 -14.14610 0.03971 0.01707 -0.20877 0.97701
62.49991 643.77308 -545.40873 -14.20170 0.03932 0.01849 -0.20550 0.97769
62.59991 644.96051 -545.90437 -14.25745 0.03987 0.01782 -0.20373 0.97805
62.69991 646.14675 -546.41516 -14.31501 0.04120 0.01478 -0.20245 0.97831
62.79991 647.34171 -546.92990 -14.36891 0.04324 0.01121 -0.20088 0.97860
62.89990 648.54228 -547.44082 -14.41919 0.04484 0.01022 -0.20042 0.97863
62.99991 649.75250 -547.94732 -14.46577 0.04594 0.00984 -0.19998 0.97867
63.09990 650.95495 -548.46847 -14.51376 0.04798 0.00988 -0.19936 0.97870
63.19990 652.15305 -548.96335 -14.56018 0.04930 0.01020 -0.19879 0.97875
63.29990 653.34802 -549.48190 -14.61268 0.05146 0.01068 -0.19859 0.97867
63.39990 654.55182 -549.99828 -14.66638 0.05252 0.01126 -0.19942 0.97844
63.49990 655.74082 -550.52521 -14.71038 0.05343 0.01157 -0.19949 0.97837
63.59990 656.92052 -551.04623 -14.75527 0.05422 0.01146 -0.19960 0.97831
63.69989 658.08949 -551.54893 -14.80075 0.05429 0.01190 -0.20202 0.97780
63.79989 659.24663 -552.04572 -14.84258 0.05439 0.01202 -0.20295 0.97760
63.89989 660.39184 -552.56675 -14.89577 0.05419 0.01155 -0.20485 0.97722
63.99989 661.52041 -553.06352 -14.93364 0.05408 0.00985 -0.20611 0.97698
64.09989 662.62220 -553.58221 -14.97778 0.05499 0.00724 -0.20767 0.97663
64.19988 663.72487 -554.08955 -15.02811 0.05437 0.00600 -0.20889 0.97641
64.29989 664.81789 -554.59494 -15.06508 0.05547 0.00752 -0.20979 0.97614
64.39989 665.90198 -555.08561 -15.10055 0.05645 0.01084 -0.21275 0.97541
64.49990 666.97710 -555.56631 -15.12633 0.05587 0.01152 -0.21581 0.97477
64.59990 668.03315 -556.04797 -15.16186 0.05635 0.00999 -0.22108 0.97357
64.69989 669.09513 -556.55514 -15.20138 0.05580 0.00983 -0.22540 0.97262
64.79989 670.15474 -557.06042 -15.26237 0.05560 0.00944 -0.22890 0.97181
64.89989 671.20344 -557.58113 -15.30348 0.05529 0.00762 -0.23342 0.97077
64.99989 672.23392 -558.11802 -15.34913 0.05533 0.00734 -0.23697 0.96991
65.09989 673.28682 -558.65213 -15.39524 0.05651 0.00944 -0.23992 0.96910
65.19988 674.32707 -559.21836 -15.46078 0.05778 0.01144 -0.24304 0.96823
65.29988 675.35492 -559.78502 -15.51774 0.05923 0.01121 -0.24815 0.96685
65.39988 676.38013 -560.36399 -15.57127 0.05854 0.01008 -0.24945 0.96656
65.49989 677.40023 -560.95064 -15.62461 0.05862 0.00895 -0.25372 0.96546
65.59989 678.40630 -561.52943 -15.67371 0.05765 0.00733 -0.25668 0.96475
65.69989 679.40113 -562.12343 -15.72674 0.05787 0.00737 -0.26199 0.96331
