0.10000 2.60603 0.50232 0.01762 -0.00703 -0.00075 -0.00594 0.99996
0.20000 4.98979 0.51650 0.06922 -0.00771 0.00133 -0.00436 0.99996
0.30000 7.34235 0.55068 0.08952 -0.00833 0.00267 -0.00290 0.99996
0.40000 9.69819 0.55175 0.06781 -0.01114 0.00339 -0.00261 0.99993
0.50001 12.04497 0.54135 0.03490 -0.01080 0.00435 -0.00067 0.99993
0.60000 14.39087 0.53563 0.00776 -0.01066 0.00510 0.00007 0.99993
0.70000 16.74381 0.52232 -0.03483 -0.00994 0.00525 0.00173 0.99994
0.79999 19.09976 0.52287 -0.07250 -0.01065 0.00564 0.00300 0.99992
0.89999 21.45530 0.52568 -0.10721 -0.01062 0.00584 0.00456 0.99992
0.99999 23.79655 0.54484 -0.14337 -0.01220 0.00532 0.00604 0.99989
1.09999 26.13590 0.56131 -0.17526 -0.01250 0.00551 0.00798 0.99987
1.19999 28.47553 0.57503 -0.21188 -0.01355 0.00533 0.01043 0.99984
1.29998 30.80014 0.62104 -0.25123 -0.01484 0.00528 0.01304 0.99979
1.39999 33.12356 0.67684 -0.28435 -0.01612 0.00552 0.01569 0.99973
1.49999 35.44374 0.73474 -0.31863 -0.01765 0.00453 0.01907 0.99965
1.59999 37.73965 0.81509 -0.34135 -0.01821 0.00394 0.02187 0.99959
1.69999 40.03051 0.90997 -0.36334 -0.01792 0.00361 0.02548 0.99951
1.79999 42.31028 1.01384 -0.39168 -0.01694 0.00324 0.03027 0.99939
1.89999 44.59760 1.12940 -0.42248 -0.01629 0.00385 0.03491 0.99925
1.99999 46.88149 1.26293 -0.45543 -0.01490 0.00508 0.03941 0.99910
2.09999 49.16512 1.42757 -0.48424 -0.01333 0.00519 0.04447 0.99891
2.19999 51.43449 1.61063 -0.52068 -0.01279 0.00358 0.04895 0.99871
2.30000 53.69470 1.82684 -0.54768 -0.01378 0.00217 0.05287 0.99850
2.40000 55.97526 2.04746 -0.58387 -0.01445 0.00158 0.05722 0.99826
2.50000 58.23752 2.29266 -0.61246 -0.01270 0.00271 0.06198 0.99799
2.59999 60.50579 2.55214 -0.64564 -0.00960 0.00349 0.06752 0.99767
2.69999 62.75748 2.85267 -0.67370 -0.00643 0.00411 0.07300 0.99730
2.79999 65.00237 3.17731 -0.70154 -0.00510 0.00350 0.07893 0.99686
2.90000 67.24820 3.52406 -0.73152 -0.00573 0.00188 0.08377 0.99647
3.00001 69.48551 3.90016 -0.75485 -0.00761 0.00066 0.08849 0.99605
3.10001 71.71921 4.29629 -0.77382 -0.00984 -0.00025 0.09283 0.99563
3.20001 73.94643 4.71607 -0.79097 -0.01069 -0.00110 0.09666 0.99526
3.30001 76.18617 5.14543 -0.80493 -0.01043 -0.00072 0.10017 0.99492
3.40001 78.41954 5.58759 -0.82102 -0.00898 -0.00108 0.10452 0.99448
3.50001 80.64501 6.05571 -0.83266 -0.00852 -0.00135 0.10853 0.99406
3.60001 82.86898 6.54418 -0.84135 -0.00926 -0.00113 0.11282 0.99357
3.70001 85.09744 7.03682 -0.85524 -0.01083 -0.00086 0.11709 0.99306
3.80000 87.31878 7.56887 -0.87196 -0.01121 -0.00037 0.12115 0.99257
3.90000 89.52934 8.10846 -0.88912 -0.01128 -0.00059 0.12558 0.99202
4.00001 91.73929 8.66889 -0.90539 -0.01145 -0.00149 0.13001 0.99145
4.10000 93.94186 9.24908 -0.91857 -0.01190 -0.00218 0.13422 0.99088
4.20001 96.13835 9.83907 -0.92695 -0.01214 -0.00202 0.13780 0.99038
4.30000 98.32817 10.46187 -0.94087 -0.01093 -0.00215 0.14157 0.98987
4.40000 100.51395 11.09503 -0.94471 -0.00920 -0.00292 0.14586 0.98926
4.50000 102.69713 11.73733 -0.94764 -0.00721 -0.00363 0.15078 0.98853
4.60000 104.86732 12.40627 -0.93462 -0.00635 -0.00484 0.15563 0.98778
4.70000 107.03369 13.11194 -0.92641 -0.00612 -0.00537 0.15975 0.98712
4.80000 109.20254 13.82752 -0.91486 -0.00728 -0.00516 0.16386 0.98644
4.90001 111.35100 14.56380 -0.90292 -0.01020 -0.00669 0.16766 0.98577
5.00001 113.49824 15.31257 -0.89378 -0.01255 -0.00823 0.17197 0.98499
5.10000 115.63866 16.08778 -0.87906 -0.01368 -0.00727 0.17571 0.98432
5.20000 117.77002 16.87399 -0.86774 -0.01300 -0.00611 0.18015 0.98353
5.30000 119.89573 17.67679 -0.85369 -0.01180 -0.00560 0.18468 0.98271
5.40000 122.01194 18.48687 -0.84787 -0.01079 -0.00461 0.18911 0.98189
5.50001 124.11873 19.31647 -0.84339 -0.00964 -0.00316 0.19320 0.98111
5.60000 126.21454 20.16499 -0.84333 -0.00820 -0.00199 0.19720 0.98033
5.70000 128.30001 21.02393 -0.85093 -0.00715 -0.00220 0.20089 0.97959
5.80000 130.38384 21.90068 -0.85471 -0.00654 -0.00235 0.20358 0.97903
5.90001 132.44489 22.79442 -0.87040 -0.00506 -0.00276 0.20627 0.97848
6.00001 134.49819 23.68695 -0.87124 -0.00367 -0.00235 0.20913 0.97788
6.10000 136.54840 24.59415 -0.87472 -0.00346 -0.00079 0.21245 0.97717
6.19999 138.58505 25.51731 -0.87647 -0.00256 0.00017 0.21610 0.97637
6.29999 140.60643 26.44770 -0.88173 -0.00075 -0.00077 0.21995 0.97551
6.40000 142.61396 27.39088 -0.89543 0.00047 -0.00162 0.22391 0.97461
6.50000 144.61359 28.35295 -0.89553 0.00004 -0.00082 0.22779 0.97371
6.60000 146.60406 29.32683 -0.90145 -0.00107 -0.00015 0.23200 0.97272
6.70000 148.58453 30.32214 -0.90593 -0.00037 -0.00099 0.23608 0.97173
6.79999 150.54774 31.32555 -0.90170 0.00160 -0.00077 0.24092 0.97054
6.89999 152.50083 32.35155 -0.90092 0.00379 -0.00043 0.24576 0.96932
6.99999 154.43857 33.38622 -0.90461 0.00592 -0.00087 0.25084 0.96801
7.09999 156.35829 34.44954 -0.90450 0.00610 -0.00151 0.25590 0.96668
7.19999 158.26012 35.52445 -0.89829 0.00542 -0.00233 0.26117 0.96527
7.29999 160.14646 36.63183 -0.89229 0.00362 -0.00362 0.26639 0.96385
7.40000 162.01729 37.75191 -0.88449 0.00305 -0.00243 0.27118 0.96252
7.50000 163.88535 38.88319 -0.86674 0.00470 0.00076 0.27622 0.96108
7.60000 165.74204 40.02192 -0.85907 0.00718 0.00246 0.28192 0.95941
7.70000 167.56988 41.18840 -0.86735 0.00718 -0.00017 0.28646 0.95806
7.80000 169.37916 42.37689 -0.86856 0.00163 -0.00520 0.28960 0.95713
7.90001 171.17861 43.58994 -0.87663 -0.00324 -0.00692 0.29209 0.95636
8.00002 172.96627 44.81836 -0.86769 -0.00605 -0.00507 0.29493 0.95549
8.10000 174.76560 46.04342 -0.86087 -0.00469 -0.00240 0.29895 0.95425
8.19999 176.55450 47.27002 -0.85825 -0.00199 -0.00197 0.30323 0.95291
8.29999 178.32229 48.51212 -0.85881 -0.00140 -0.00543 0.30740 0.95156
8.40000 180.08775 49.79346 -0.85668 -0.00412 -0.00678 0.31065 0.95049
8.50001 181.84764 51.07369 -0.84927 -0.00562 -0.00425 0.31367 0.94951
8.60000 183.60772 52.37222 -0.83911 -0.00281 -0.00127 0.31704 0.94841
8.69999 185.35796 53.67894 -0.84542 -0.00027 -0.00090 0.32042 0.94727
8.79999 187.09291 54.97313 -0.84511 0.00173 -0.00238 0.32332 0.94629
8.90000 188.84015 56.30536 -0.84475 0.00082 -0.00515 0.32597 0.94536
9.00000 190.56067 57.62993 -0.84729 0.00039 -0.00617 0.32839 0.94452
9.10000 192.27637 58.98436 -0.85033 -0.00204 -0.00670 0.33110 0.94357
9.19999 193.99283 60.33484 -0.85290 -0.00310 -0.00497 0.33331 0.94280
9.29999 195.71528 61.70088 -0.84791 -0.00286 -0.00270 0.33594 0.94188
9.39999 197.42887 63.07341 -0.83597 0.00174 -0.00096 0.33874 0.94088
9.49999 199.13484 64.46356 -0.83544 0.00427 0.00014 0.34101 0.94005
9.59999 200.84924 65.84727 -0.84151 0.00722 0.00127 0.34316 0.93925
9.70000 202.55048 67.24924 -0.84958 0.00758 -0.00029 0.34479 0.93865
9.80000 204.24581 68.66854 -0.85635 0.00670 -0.00072 0.34553 0.93839
9.90001 205.95480 70.10080 -0.87151 0.00514 0.00184 0.34555 0.93838
10.00001 207.65986 71.52462 -0.88199 0.00400 0.00555 0.34498 0.93858
10.10001 209.36967 72.95438 -0.90871 0.00330 0.00710 0.34357 0.93910
10.20001 211.08080 74.38364 -0.93980 0.00002 0.00564 0.34177 0.93977
10.30000 212.79829 75.80197 -0.96375 0.00224 0.00056 0.34117 0.94000
10.40000 214.51725 77.21145 -0.99478 0.00862 -0.00260 0.34152 0.93983
10.49999 216.25203 78.62822 -0.99519 0.01177 -0.00045 0.34167 0.93975
10.59999 217.99145 80.05859 -0.99660 0.01189 0.00197 0.34118 0.93992
10.70000 219.73591 81.47994 -0.98624 0.01075 0.00303 0.34095 0.94001
10.80000 221.47531 82.90084 -0.98002 0.01060 0.00165 0.34081 0.94007
10.90000 223.23185 84.32658 -0.98009 0.01178 0.00025 0.34068 0.94011
11.00000 224.98232 85.76928 -0.97038 0.01282 -0.00067 0.34058 0.94013
11.09999 226.72506 87.21882 -0.99026 0.01460 0.00010 0.34054 0.94012
11.19999 228.49034 88.66453 -0.99238 0.01485 0.00056 0.34068 0.94006
11.29999 230.25696 90.11522 -1.00366 0.01538 0.00166 0.34048 0.94013
11.40000 232.03354 91.57082 -1.00549 0.01597 0.00123 0.33987 0.94034
11.50000 233.81353 93.02204 -1.01819 0.01574 0.00090 0.33942 0.94050
11.59999 235.61020 94.47960 -1.03015 0.01758 0.00126 0.33924 0.94053
11.69999 237.40357 95.95129 -1.03315 0.01822 0.00211 0.33903 0.94060
11.79999 239.19682 97.42609 -1.03501 0.01918 0.00243 0.33875 0.94068
11.90000 240.99319 98.89896 -1.03342 0.01999 0.00297 0.33876 0.94065
11.99999 242.80656 100.36796 -1.03364 0.02102 0.00286 0.33896 0.94056
12.09999 244.60308 101.83951 -1.03277 0.02035 0.00322 0.33888 0.94061
12.19999 246.42413 103.32631 -1.04710 0.02113 0.00329 0.33872 0.94065
12.29999 248.24396 104.80767 -1.04443 0.02266 0.00407 0.33872 0.94061
12.40000 250.05879 106.29436 -1.03527 0.02316 0.00387 0.33874 0.94059
12.50000 251.88781 107.77957 -1.04633 0.02258 0.00361 0.33911 0.94047
12.60000 253.71711 109.27278 -1.04658 0.02226 0.00313 0.33908 0.94049
12.70000 255.55144 110.76531 -1.04374 0.02210 0.00327 0.33919 0.94045
12.80000 257.38297 112.26348 -1.03542 0.02255 0.00393 0.33955 0.94031
12.90000 259.22853 113.77300 -1.03840 0.02279 0.00486 0.33969 0.94025
13.00000 261.07238 115.27643 -1.03597 0.02385 0.00569 0.33978 0.94019
13.10000 262.91402 116.77704 -1.03589 0.02629 0.00637 0.34018 0.93997
13.19999 264.76110 118.29022 -1.03487 0.02699 0.00606 0.34040 0.93987
13.29999 266.60836 119.80204 -1.03670 0.02571 0.00508 0.34047 0.93989
13.40000 268.45709 121.31346 -1.03308 0.02600 0.00488 0.34062 0.93983
13.50000 270.30628 122.83177 -1.03030 0.02609 0.00527 0.34077 0.93977
13.60000 272.15755 124.35854 -1.02942 0.02509 0.00480 0.34101 0.93971
13.70000 274.00603 125.88580 -1.03933 0.02322 0.00366 0.34108 0.93974
13.80000 275.85149 127.42098 -1.04089 0.02629 0.00496 0.34082 0.93975
13.90000 277.70736 128.95101 -1.05410 0.02746 0.00506 0.34089 0.93969
14.00000 279.57347 130.47786 -1.06117 0.02869 0.00558 0.34096 0.93962
14.10000 281.44521 132.00751 -1.06527 0.02856 0.00508 0.34100 0.93962
14.20000 283.31080 133.55346 -1.05220 0.02752 0.00495 0.34111 0.93961
14.30000 285.17706 135.09405 -1.04098 0.02724 0.00508 0.34123 0.93957
14.40000 287.06032 136.63566 -1.02309 0.02613 0.00538 0.34136 0.93955
14.50001 288.93209 138.17301 -1.01982 0.02486 0.00451 0.34160 0.93951
14.60000 290.80490 139.71617 -1.01425 0.02538 0.00475 0.34183 0.93941
14.70000 292.67611 141.26936 -1.00674 0.02665 0.00493 0.34197 0.93932
14.80000 294.56137 142.81192 -1.01154 0.02712 0.00517 0.34219 0.93922
14.90000 296.43296 144.35758 -1.00653 0.02589 0.00450 0.34231 0.93922
15.00001 298.30954 145.90474 -0.99297 0.02509 0.00445 0.34245 0.93919
15.10000 300.18773 147.45438 -0.98546 0.02579 0.00476 0.34256 0.93913
15.20000 302.07449 148.99966 -0.97400 0.02635 0.00473 0.34242 0.93916
15.30000 303.96004 150.54782 -0.96021 0.02531 0.00492 0.34222 0.93927
15.40000 305.84403 152.09663 -0.95310 0.02365 0.00465 0.34188 0.93943
15.50000 307.71389 153.64462 -0.94632 0.02424 0.00451 0.34161 0.93952
15.59999 309.59037 155.19415 -0.95101 0.02528 0.00453 0.34149 0.93953
15.69999 311.46705 156.75381 -0.95557 0.02645 0.00605 0.34137 0.93954
15.80000 313.34437 158.28975 -0.96191 0.02778 0.00603 0.34109 0.93960
15.90000 315.22572 159.84156 -0.95796 0.02803 0.00594 0.34097 0.93964
16.00000 317.11586 161.38266 -0.93747 0.02741 0.00567 0.34090 0.93968
16.10000 319.00898 162.93026 -0.95354 0.02755 0.00636 0.34092 0.93967
16.20000 320.88853 164.48253 -0.94984 0.02720 0.00610 0.34050 0.93983
16.29999 322.77089 166.03593 -0.94931 0.02815 0.00656 0.34029 0.93988
16.40000 324.65241 167.58792 -0.95110 0.02829 0.00658 0.33993 0.94000
16.50000 326.54043 169.15062 -0.95668 0.02888 0.00677 0.33956 0.94012
16.60000 328.43161 170.69480 -0.94124 0.02962 0.00696 0.33953 0.94010
16.70000 330.34139 172.23502 -0.94330 0.02924 0.00619 0.33952 0.94012
16.80000 332.22485 173.77299 -0.93367 0.02816 0.00601 0.33927 0.94025
16.90000 334.11242 175.30795 -0.93540 0.02842 0.00580 0.33899 0.94034
17.00000 336.01443 176.85130 -0.92107 0.02742 0.00599 0.33902 0.94036
17.10000 337.92171 178.39571 -0.90173 0.02813 0.00704 0.33889 0.94038
17.20000 339.81489 179.94119 -0.89955 0.02856 0.00716 0.33896 0.94034
17.29999 341.72217 181.49360 -0.90074 0.02802 0.00666 0.33890 0.94038
17.40000 343.62474 183.04869 -0.89923 0.02874 0.00691 0.33892 0.94035
17.50000 345.52452 184.60355 -0.90088 0.02718 0.00620 0.33871 0.94048
17.60000 347.43155 186.15466 -0.89061 0.02624 0.00651 0.33868 0.94051
17.70000 349.33026 187.71062 -0.89696 0.02700 0.00649 0.33859 0.94053
17.79999 351.23349 189.26073 -0.90665 0.02810 0.00651 0.33859 0.94049
17.90000 353.13105 190.80116 -0.90886 0.02841 0.00670 0.33850 0.94051
18.00000 355.04457 192.34304 -0.89425 0.02860 0.00736 0.33851 0.94050
18.10000 356.95066 193.88617 -0.88342 0.03034 0.00859 0.33879 0.94033
18.19999 358.86840 195.44651 -0.89336 0.03149 0.00829 0.33920 0.94015
18.29999 360.77851 196.99552 -0.89514 0.03165 0.00818 0.33955 0.94002
18.40000 362.67754 198.54917 -0.89669 0.03054 0.00685 0.33990 0.93994
18.50000 364.58401 200.09397 -0.89862 0.02894 0.00684 0.34068 0.93971
18.60000 366.49080 201.65631 -0.90407 0.02882 0.00692 0.34112 0.93955
18.70000 368.40968 203.20820 -0.90881 0.03130 0.00777 0.34165 0.93927
18.80000 370.30188 204.76876 -0.90028 0.03017 0.00728 0.34213 0.93914
18.90000 372.19243 206.33668 -0.90193 0.02909 0.00661 0.34220 0.93915
19.00001 374.08999 207.90851 -0.89301 0.02904 0.00699 0.34238 0.93909
19.10000 375.97991 209.46872 -0.88447 0.02790 0.00678 0.34297 0.93891
19.20000 377.87410 211.02858 -0.89182 0.02595 0.00615 0.34292 0.93899
19.30000 379.77294 212.60748 -0.88550 0.02508 0.00591 0.34349 0.93880
19.40000 381.66633 214.17845 -0.86517 0.02554 0.00722 0.34396 0.93861
19.50000 383.55327 215.74155 -0.85552 0.02641 0.00750 0.34441 0.93842
19.60000 385.42830 217.30072 -0.86001 0.02671 0.00749 0.34489 0.93823
19.70000 387.32212 218.86487 -0.87639 0.02686 0.00671 0.34520 0.93812
19.80000 389.20869 220.43059 -0.88042 0.02785 0.00654 0.34548 0.93799
19.90000 391.08272 221.99502 -0.87178 0.02770 0.00686 0.34581 0.93787
20.00000 392.96590 223.56803 -0.86189 0.02690 0.00704 0.34633 0.93770
20.10000 394.83592 225.13769 -0.85077 0.02710 0.00690 0.34645 0.93765
20.19999 396.70367 226.70136 -0.84337 0.02581 0.00653 0.34692 0.93752
20.29999 398.55881 228.27341 -0.84926 0.02553 0.00719 0.34703 0.93748
20.40000 400.42562 229.83928 -0.84711 0.02603 0.00768 0.34736 0.93734
20.50000 402.28676 231.39843 -0.84868 0.02743 0.00807 0.34790 0.93710
20.60000 404.14364 232.96144 -0.83245 0.02642 0.00789 0.34827 0.93699
20.70000 405.98376 234.52825 -0.84312 0.02412 0.00673 0.34831 0.93704
20.80000 407.81218 236.08543 -0.84982 0.02421 0.00599 0.34799 0.93717
20.90000 409.63578 237.64089 -0.84454 0.02371 0.00553 0.34796 0.93719
21.00000 411.47134 239.18615 -0.83158 0.02285 0.00474 0.34775 0.93730
21.10000 413.28772 240.73144 -0.80481 0.02022 0.00493 0.34775 0.93736
21.20000 415.09223 242.27056 -0.78047 0.02112 0.00593 0.34753 0.93741
21.30000 416.90722 243.79630 -0.77908 0.01911 0.00599 0.34747 0.93748
21.40000 418.71304 245.31330 -0.77748 0.01767 0.00577 0.34692 0.93771
21.50001 420.51129 246.82234 -0.76893 0.01499 0.00514 0.34600 0.93810
21.60000 422.29632 248.32498 -0.77068 0.01505 0.00435 0.34542 0.93832
21.70000 424.07333 249.82658 -0.76643 0.01324 0.00323 0.34488 0.93855
21.80000 425.84181 251.31680 -0.76374 0.01311 0.00308 0.34416 0.93882
21.90000 427.59344 252.79734 -0.75336 0.01257 0.00273 0.34458 0.93867
22.00000 429.36506 254.27408 -0.76099 0.01178 0.00233 0.34449 0.93871
22.10000 431.13240 255.73950 -0.75033 0.01006 0.00218 0.34445 0.93875
22.20000 432.86413 257.21639 -0.74468 0.01075 0.00184 0.34452 0.93871
22.29999 434.59745 258.66697 -0.75125 0.00912 0.00074 0.34485 0.93861
22.40000 436.32468 260.13362 -0.72929 0.00880 0.00091 0.34508 0.93853
22.50000 438.05147 261.56764 -0.72056 0.00722 0.00099 0.34569 0.93832
22.60000 439.79033 263.02313 -0.71497 0.00544 0.00032 0.34614 0.93817
22.70000 441.50265 264.46760 -0.71783 0.00499 0.00116 0.34656 0.93801
22.80000 443.20894 265.91153 -0.71741 0.00399 0.00036 0.34694 0.93788
22.90000 444.90594 267.34795 -0.72260 0.00292 -0.00009 0.34780 0.93757
23.00000 446.58488 268.78610 -0.73060 0.00280 -0.00115 0.34924 0.93703
23.10000 448.25549 270.21750 -0.72957 0.00166 -0.00184 0.35004 0.93673
23.19999 449.92020 271.64301 -0.72379 0.00189 -0.00282 0.35225 0.93590
23.29999 451.57268 273.08436 -0.70971 0.00060 -0.00214 0.35355 0.93541
23.40000 453.20330 274.52519 -0.69531 0.00138 0.00031 0.35598 0.93449
23.50000 454.85260 275.95409 -0.69310 0.00263 -0.00062 0.35871 0.93344
23.59999 456.47408 277.39456 -0.68248 0.00315 -0.00217 0.36172 0.93228
23.69999 458.07749 278.82603 -0.68050 0.00107 -0.00328 0.36507 0.93097
23.80000 459.66861 280.27912 -0.66856 0.00135 -0.00589 0.36849 0.92961
23.90000 461.24138 281.75419 -0.64639 -0.00359 -0.00990 0.37223 0.92808
24.00001 462.82191 283.24080 -0.62899 -0.00703 -0.00967 0.37432 0.92722
24.10000 464.37053 284.72423 -0.62283 -0.00456 -0.00945 0.37841 0.92558
24.20000 465.91617 286.22040 -0.59279 -0.00545 -0.00985 0.38214 0.92404
24.30000 467.46501 287.73148 -0.56836 -0.00443 -0.00680 0.38571 0.92258
24.40000 469.00531 289.24305 -0.56069 -0.00350 -0.00774 0.38999 0.92078
24.50001 470.53638 290.77740 -0.55083 -0.00257 -0.01019 0.39407 0.91902
24.60000 472.03217 292.34636 -0.53062 -0.00138 -0.01135 0.39830 0.91718
24.70000 473.51957 293.92141 -0.51605 -0.00356 -0.01049 0.40143 0.91582
24.80000 474.99218 295.52369 -0.48945 -0.00593 -0.01040 0.40554 0.91400
24.90001 476.43740 297.11001 -0.46672 -0.00534 -0.01144 0.40943 0.91225
25.00001 477.90953 298.74899 -0.43589 -0.00493 -0.01113 0.41300 0.91065
25.10000 479.32436 300.35347 -0.40224 -0.00387 -0.01135 0.41745 0.90862
25.20001 480.76166 301.98930 -0.37991 -0.00463 -0.01300 0.42084 0.90703
25.30001 482.16887 303.64272 -0.35031 -0.00545 -0.01414 0.42380 0.90563
25.40001 483.57962 305.30959 -0.31458 -0.00555 -0.01279 0.42705 0.90412
25.50001 484.97757 306.98720 -0.29241 -0.00609 -0.01358 0.43084 0.90231
25.60001 486.35561 308.67963 -0.26558 -0.00636 -0.01246 0.43451 0.90056
25.70001 487.73654 310.37604 -0.24188 -0.00473 -0.01269 0.43895 0.89841
25.80000 489.07984 312.07710 -0.21495 -0.00401 -0.01464 0.44257 0.89661
25.90001 490.42824 313.79633 -0.17875 -0.00341 -0.01604 0.44667 0.89455
26.00001 491.75701 315.53570 -0.14270 -0.00267 -0.01703 0.45025 0.89273
26.10001 493.06537 317.28416 -0.08347 -0.00342 -0.01572 0.45331 0.89121
26.20000 494.35709 319.04534 -0.03784 -0.00170 -0.01522 0.45650 0.88959
26.30000 495.63363 320.82032 0.00539 0.00036 -0.01561 0.45976 0.88791
26.40001 496.90995 322.60084 0.05485 0.00080 -0.01314 0.46351 0.88600
26.50001 498.16614 324.39655 0.09452 -0.00010 -0.01379 0.46731 0.88399
26.60000 499.39607 326.20408 0.13761 -0.00006 -0.01627 0.47049 0.88226
26.70000 500.62830 328.00671 0.17140 -0.00014 -0.01774 0.47357 0.88058
26.80000 501.85955 329.82370 0.22710 0.00003 -0.01814 0.47680 0.87883
26.90000 503.06484 331.65481 0.28855 0.00034 -0.01775 0.48026 0.87695
27.00000 504.25588 333.49926 0.35705 0.00124 -0.01662 0.48433 0.87473
27.10000 505.43324 335.35544 0.41299 0.00262 -0.01568 0.48817 0.87261
27.20000 506.58931 337.22061 0.46238 0.00260 -0.01577 0.49200 0.87045
27.30000 507.72747 339.10234 0.51467 0.00301 -0.01786 0.49561 0.86835
27.40001 508.85308 340.99257 0.58178 0.00109 -0.01874 0.49912 0.86633
27.50001 509.97658 342.87851 0.65551 0.00196 -0.01971 0.50265 0.86426
27.60000 511.07638 344.77126 0.70897 0.00213 -0.01979 0.50651 0.86200
27.70000 512.16262 346.68958 0.78197 0.00264 -0.01772 0.51041 0.85974
27.80000 513.22808 348.61067 0.84119 0.00401 -0.01743 0.51419 0.85749
27.90000 514.28242 350.54765 0.90098 0.00379 -0.01874 0.51862 0.85479
28.00001 515.30506 352.50314 0.97561 0.00356 -0.02123 0.52288 0.85213
28.10001 516.31345 354.46353 1.05155 0.00318 -0.02200 0.52603 0.85017
28.20001 517.29680 356.44178 1.12766 0.00193 -0.02283 0.52867 0.84852
28.30001 518.27308 358.40935 1.20338 0.00303 -0.02499 0.53207 0.84633
28.40001 519.24107 360.39395 1.28922 0.00311 -0.02488 0.53551 0.84416
28.50001 520.21248 362.38888 1.38301 0.00414 -0.02197 0.53909 0.84195
28.60001 521.15511 364.38531 1.47600 0.00804 -0.01810 0.54335 0.83928
28.70001 522.08891 366.40959 1.54981 0.00900 -0.01996 0.54709 0.83679
28.80001 523.00327 368.43234 1.62994 0.00794 -0.02154 0.55054 0.83449
28.90002 523.88767 370.46470 1.70991 0.00700 -0.02276 0.55340 0.83257
29.00002 524.76600 372.51203 1.79459 0.00523 -0.02328 0.55651 0.83050
29.10002 525.63897 374.56817 1.87262 0.00693 -0.02256 0.55991 0.82822
29.20002 526.48572 376.60593 1.96221 0.00852 -0.02220 0.56342 0.82583
29.30002 527.31789 378.67386 2.05667 0.00832 -0.02288 0.56667 0.82358
29.40002 528.12760 380.76215 2.15676 0.00749 -0.02294 0.56989 0.82137
29.50002 528.92902 382.85220 2.25270 0.00857 -0.02271 0.57327 0.81900
29.60001 529.71696 384.95265 2.34502 0.00948 -0.02281 0.57697 0.81639
29.70001 530.46491 387.06044 2.44098 0.00928 -0.02292 0.58033 0.81400
29.80001 531.21190 389.16768 2.53590 0.01159 -0.02228 0.58408 0.81131
29.90001 531.93227 391.27131 2.65340 0.01191 -0.02150 0.58809 0.80842
